100 258
53 0 120.964654
58 43 142.807902
70 42 132.292058
59 24 129.207979
52 25 97.995957
56 33 60.488350
44 22 90.831669
43 4 80.292923
49 30 66.656922
46 13 61.187772
29 25 76.950127
40 26 92.703679
52 14 86.516432
51 13 87.329963
37 13 50.618782
58 12 99.925536
80 17 79.524341
69 24 89.321074
85 29 57.222936
69 25 53.530355
67 8 50.843477
76 14 83.120895
61 8 91.424808
85 13 66.610304
66 17 82.360500
64 9 77.659139
52 23 58.050954
46 6 98.299143
58 1 51.128490
50 30 85.382163
68 2 87.848141
55 24 72.093143
61 15 78.190065
54 21 70.140200
39 15 51.301123
38 4 76.186021
84 59 80.628549
57 64 92.132791
59 62 56.478944
61 47 97.285471
58 63 53.320563
82 51 83.429071
53 11 89.989150
69 21 89.836995
55 21 70.759034
61 12 90.607933
39 34 89.762531
58 23 50.283374
56 28 79.929007
38 54 96.985467
64 36 53.813730
63 39 80.772484
45 26 80.106361
50 21 95.238537
44 26 97.382789
30 38 62.466861
40 43 72.897676
35 44 55.433743
56 24 60.766004
61 31 74.026166
57 49 90.815907
67 25 98.614145
76 24 96.119309
64 31 69.005971
66 22 68.754345
62 43 97.420432
45 42 95.191993
66 39 99.382894
65 55 89.553223
57 56 51.670937
67 59 96.668365
64 55 92.873786
46 29 85.100009
61 36 86.657515
72 57 82.710780
58 34 55.859042
47 50 77.265448
43 36 72.473311
61 37 56.142417
37 44 57.194455
60 59 69.458778
47 43 59.956147
53 55 87.966939
37 34 99.565139
65 28 55.194684
40 31 85.349728
56 32 62.032000
53 39 78.092360
47 40 90.783471
35 37 72.798004
46 41 52.118526
40 22 81.599377
60 29 71.412149
66 41 98.237835
75 24 50.605349
80 26 90.166493
72 16 95.658266
47 46 95.797342
49 27 89.549387
64 18 85.211489
0 92 147.468279 29.832868
0 84 136.217752 30.463092
0 52 128.085275 27.202941
0 78 132.568288 37.854986
0 44 122.875267 21.095023
0 29 110.796055 30.149627
0 17 138.427330 28.844410
0 12 100.140714 14.035669
0 4 133.269366 25.019992
0 2 144.569747 45.310043
0 3 107.335169 24.738634
1 7 102.728144 41.785165
1 7 104.525894 41.785165
1 6 145.302108 25.238859
1 93 102.293283 8.246211
1 63 109.720578 13.416408
1 53 130.651835 23.409400
1 44 114.325283 22.203603
1 40 137.812938 20.000000
1 2 121.435306 12.041595
1 3 137.123287 19.026298
2 99 139.931463 24.738634
2 49 103.034683 34.176015
2 49 108.535435 34.176015
2 40 138.169298 24.186773
2 61 103.640032 17.262677
2 24 148.701929 25.317978
2 19 133.827564 17.029386
2 88 149.437373 23.086793
2 80 138.251315 19.723083
2 69 119.039053 19.104973
2 3 146.905652 21.095023
3 24 124.469067 9.899495
3 4 147.124328 7.071068
3 70 129.473940 35.902646
3 88 147.344334 20.000000
3 95 107.920384 21.095023
4 5 67.901270 8.944272
4 7 97.485048 22.847319
5 6 91.189750 16.278821
6 7 62.471017 18.027756
8 9 54.820217 17.262677
8 11 93.917894 9.848858
9 10 66.996911 20.808652
9 12 50.122325 6.082763
9 14 96.211177 9.000000
10 12 76.717488 25.495098
10 14 80.774160 14.422205
10 15 60.536460 31.780497
11 12 64.530426 16.970563
11 13 52.209466 17.029386
11 15 97.659746 22.803509
12 13 54.461890 1.414214
12 14 55.244149 15.033296
12 15 56.195181 6.324555
13 14 92.631188 14.000000
13 15 58.884181 7.071068
15 93 54.897110 30.083218
16 18 76.458752 13.000000
16 19 58.321554 13.601471
16 20 93.148425 15.811388
16 24 95.497805 14.000000
16 25 55.227207 17.888544
17 18 67.617493 16.763055
17 20 92.622134 16.124515
17 23 84.701147 19.416488
17 24 64.961826 7.615773
17 25 50.542517 15.811388
17 26 52.602416 17.029386
18 35 62.446875 53.235327
18 19 91.732267 16.492423
18 21 65.073433 17.492856
18 22 67.267092 31.890437
18 23 85.650161 16.000000
18 24 82.070344 22.472205
18 26 67.389417 33.541020
19 20 81.861338 17.117243
19 21 58.787832 13.038405
19 22 98.163577 18.788294
19 23 92.397798 20.000000
19 24 73.318258 8.544004
19 25 50.373043 16.763055
20 21 90.057544 10.816654
20 22 77.780148 6.000000
20 23 55.617193 18.681542
20 25 96.252726 3.162278
20 26 70.411336 21.213203
22 98 64.501374 22.472205
22 23 51.149836 24.515301
22 24 96.870088 10.295630
23 24 72.822928 19.416488
23 26 94.298261 34.481879
24 26 92.367893 15.231546
27 30 78.050135 22.360680
27 32 61.915754 17.492856
27 33 84.990026 17.000000
27 34 62.751282 11.401754
27 35 76.877580 8.246211
28 31 85.532544 23.194827
28 33 65.353698 20.396078
29 30 89.324455 33.286634
29 33 77.264811 9.848858
29 34 80.427131 18.601075
30 93 56.591547 39.051248
30 34 62.914972 31.780497
30 35 62.497475 30.066593
31 33 73.980964 3.162278
32 59 94.776311 16.000000
32 33 71.285307 9.219544
32 35 72.144541 25.495098
33 35 87.174109 23.345235
36 38 94.603566 25.179357
36 41 72.517584 8.246211
37 40 77.231653 1.414214
37 41 72.383714 28.178006
38 39 78.134777 15.132746
38 40 73.484379 1.414214
42 83 92.795049 28.017851
42 43 92.636151 18.867962
42 44 74.634215 10.198039
42 45 89.665137 8.062258
42 47 65.459079 13.000000
43 44 68.932476 14.000000
43 47 82.033030 11.180340
43 48 93.509214 14.764823
44 45 80.848230 10.816654
45 46 67.023056 31.112698
45 47 56.260496 11.401754
46 48 57.725810 18.027756
47 79 52.555600 29.698485
47 48 71.614194 5.385165
49 50 97.050265 31.622777
49 53 79.820411 35.114100
49 56 52.041326 11.180340
49 58 53.641811 34.985711
50 80 92.735383 23.345235
50 52 64.538801 21.470911
50 56 77.622775 25.000000
51 53 87.511694 22.203603
51 54 85.824108 23.021729
51 55 99.767316 33.015148
51 56 74.685802 23.345235
51 57 80.427673 28.442925
51 58 72.284900 16.552945
52 54 51.917456 1.000000
52 56 52.811387 17.720045
52 57 50.419677 20.591260
52 58 75.401835 11.180340
53 54 95.606436 7.810250
53 55 93.055828 26.248809
53 58 50.036049 6.708204
54 55 85.271573 18.439089
54 57 58.514907 20.124612
54 58 68.968525 12.165525
55 58 67.304603 29.529646
56 57 52.024121 5.099020
56 58 99.816755 24.839485
59 60 84.327660 18.439089
59 61 58.284618 8.485281
59 63 57.542565 3.000000
59 65 86.883259 12.041595
60 63 79.898812 19.313208
60 66 54.592829 13.892444
60 67 66.703670 13.453624
61 63 81.940137 6.708204
61 64 58.234641 3.162278
61 66 59.439053 27.802878
61 67 96.478938 14.035669
62 64 85.857415 10.198039
62 65 96.950746 23.600847
62 66 82.303046 35.846897
62 67 85.624731 18.027756
63 65 71.636548 12.165525
63 66 62.730719 21.954498
63 67 57.909631 8.246211
65 67 73.554004 5.656854
66 67 65.542106 21.213203
68 71 58.329308 1.000000
68 72 98.955839 32.202484
68 74 61.148543 7.280110
69 70 51.385136 10.440307
69 71 98.991888 7.071068
69 72 96.420116 29.154759
69 73 59.900043 20.396078
69 74 67.960414 15.033296
69 75 63.724720 22.022716
70 71 61.924165 5.000000
70 73 67.777169 23.769729
70 75 98.052379 26.570661
70 76 70.208782 21.931712
71 73 75.319734 19.235384
71 75 84.935638 21.840330
71 76 50.107594 17.720045
73 74 79.912563 23.706539
73 75 51.639308 3.605551
74 76 82.047732 25.961510
75 76 88.147203 19.416488
77 79 61.078361 10.000000
77 82 78.526670 21.470911
77 83 74.004619 6.324555
78 79 58.029107 25.000000
78 81 60.829715 15.231546
78 83 59.629350 24.186773
78 85 79.665655 21.840330
78 86 73.560435 7.071068
79 82 67.538981 19.416488
79 83 53.219660 10.000000
79 86 89.102541 22.472205
80 81 75.868290 20.615528
80 84 52.175498 31.400637
80 85 50.251084 34.409301
81 82 77.253426 13.416408
81 83 51.167386 13.453624
81 84 96.671201 23.430749
82 83 87.153469 26.400758
82 84 69.127800 29.546573
82 85 60.395920 27.294688
82 86 99.077634 23.194827
83 85 86.904969 4.242641
83 86 58.448299 19.104973
84 85 69.286416 25.179357
84 86 62.224702 9.848858
85 86 93.383938 16.031220
87 88 69.394010 6.082763
87 89 92.137265 18.110770
87 90 95.023246 7.280110
87 91 51.441741 21.400935
88 90 80.284469 1.414214
89 90 56.101607 11.704700
89 91 79.968411 15.811388
90 91 54.289088 19.924859
92 93 64.130714 13.416408
92 97 90.798126 21.400935
92 99 63.918438 11.704700
93 95 93.796369 20.518285
93 98 64.358561 22.022716
93 99 81.457419 23.086793
94 95 97.016029 5.385165
94 96 53.461103 8.544004
94 97 57.325709 35.608988
94 99 99.191527 12.529964
95 96 53.712187 12.806248
95 97 84.579134 38.587563
95 98 50.358914 31.016125
96 97 50.383387 39.051248
98 99 71.732603 17.492856
98 99 69.486714 17.492856
98 99 60.779308 17.492856
98 99 70.810237 17.492856
98 99 56.391683 17.492856
98 99 69.227607 17.492856
98 99 90.096653 17.492856
98 99 68.616385 17.492856
98 99 62.611545 17.492856
98 99 59.490662 17.492856
98 99 60.753651 17.492856
98 99 57.634791 17.492856
98 99 60.932404 17.492856