21        	1.0                 	123.203715          	285.41703900000005  	0.4316620879806688  	0.010523277586874458	0.01023677143200896 
43        	1.0                 	349.522089          	563.108058          	0.6207016291711457  	0.017547751201135397	0.015306451472746577
86        	0.75                	525.410721          	905.492156          	0.58024878240911    	0.01931763304081395 	0.016180579343879183
130       	0.6666666666666666  	644.437772          	1052.720128         	0.6121643871522897  	0.0220107708416786  	0.01708050070384493 
152       	0.7142857142857143  	755.000396          	1163.2827519999998  	0.6490256944856689  	0.028085412630927144	0.020359498531581706
195       	0.6666666666666666  	909.5257770000001   	1317.8081329999998  	0.6901807283048542  	0.03091172576360257 	0.020473402480809547
217       	0.7                 	1075.350292         	1537.4282409999998  	0.699447469041256   	0.03723704501844274 	0.02322828402987877 
260       	0.6666666666666666  	1339.7397460000002  	1922.236688         	0.6969691892593823  	0.040480610112445074	0.024395416482136834
282       	0.6923076923076923  	1511.564534         	2272.20375          	0.6652416333702469  	0.04742582759872415 	0.028047828655128552
326       	0.6666666666666666  	1790.0735530000002  	2946.335206         	0.6075593670925983  	0.05148053024247269 	0.030631728971600287
478       	0.5                 	1899.4880480000002  	3069.709283         	0.6187843449929717  	0.04269654119187249 	0.025294040879329825
500       	0.5217391304347826  	1995.0418240000001  	3165.2630590000003  	0.630292581315593   	0.048021929805254264	0.02841565238899441 
521       	0.5416666666666666  	2090.966695         	3261.1879300000005  	0.6411671881172453  	0.0534819571023565  	0.031289198941533834
978       	0.3111111111111111  	2192.02538          	3371.5901820000004  	0.6501458545296     	0.03192310771359635 	0.018350786557032255
1040      	0.3191489361702128  	2277.72182          	3457.2866220000005  	0.6588177576906725  	0.03358518088552107 	0.01883490646253389 
1122      	0.3137254901960784  	2516.248163         	3921.5005510000005  	0.641654420361702   	0.03376504983720597 	0.018905213181200996
1142      	0.3269230769230769  	2729.6700870000004  	4318.666128000001   	0.6320632357528704  	0.036051837285137535	0.02037073059035505 
1163      	0.33962264150943394 	2869.8976940000002  	4609.279227000001   	0.6226348096224806  	0.03845886472320643 	0.02198212498896607 
1204      	0.34545454545454546 	3074.8554950000002  	4906.507224000001   	0.6266892831543093  	0.04027486175158455 	0.023314152773555724
1224      	0.35714285714285715 	3134.4234840000004  	4966.075213000001   	0.6311671389500559  	0.04250599504843474 	0.02484400826249097 
1612      	0.28                	3419.2603470000004  	5345.905317000001   	0.6396036114082938  	0.03363811515578425 	0.01995986120172368 
1693      	0.27848101265822783 	3483.8512090000004  	5441.906935000001   	0.6401894134927906  	0.033786045837467395	0.020336668609038065
1755      	0.2804878048780488  	3547.3367730000004  	5516.426958000001   	0.6430497131581888  	0.03439726936860308 	0.02095193903020162 
1979      	0.25806451612903225 	3792.1704890000005  	5939.769713000001   	0.6384372917186192  	0.031666829420976435	0.019224397150343388
2100      	0.25773195876288657 	3909.9760860000006  	6089.043191000001   	0.6421330845179745  	0.03156471883035399 	0.019178931286514773
2175      	0.26                	4184.554838000001   	6438.0692850000005  	0.6499704574086453  	0.03191067977035073 	0.01925375659861055 
2300      	0.2571428571428571  	4282.417721000001   	6572.323274         	0.6515835485362037  	0.03162072318990091 	0.018983503425314057
2350      	0.2616822429906542  	4376.048933000001   	6755.416586         	0.6477837269235139  	0.032323183481794   	0.019312124505850903
2375      	0.26851851851851855 	4468.726344000001   	6883.738361000001   	0.6491714399428203  	0.03338410747418687 	0.019847759455494392
2425      	0.2727272727272727  	4542.561873000001   	6985.166614000001   	0.6503154647586478  	0.03412661364761923 	0.020184062217691617
2450      	0.27927927927927926 	4789.557211         	7367.916508         	0.6500558476469641  	0.03531037211500287 	0.02081537733026    
2475      	0.2857142857142857  	4901.857014         	7497.612005         	0.6537891012139672  	0.036579634248229125	0.021455588229512174
2575      	0.28448275862068967 	5170.78115          	7964.281032         	0.6492464453758116  	0.03677531695542583 	0.02155787728451581 
2725      	0.2786885245901639  	5324.602303         	8164.347716         	0.6521773065305833  	0.03610223994985635 	0.021145706763418308
2800      	0.28                	5399.978623         	8322.913011         	0.6488087302922791  	0.036323924724713456	0.021271375559014295
2875      	0.28125             	5448.179872         	8371.11426          	0.6508309052754465  	0.03645194307995791 	0.02128480820052565 
2950      	0.2824427480916031  	5522.119984999999   	8448.185833         	0.6536456576783258  	0.0365684878708727  	0.021266915392387013
2975      	0.2878787878787879  	5574.345460999999   	8500.411309         	0.6557736159305653  	0.03726556496234475 	0.02157987249169939 
3027      	0.2932330827067669  	5899.794937999999   	8834.654424999999   	0.6678014389906372  	0.038034989932666075	0.021909340476999547
3083      	0.2962962962962963  	6033.437985999999   	8971.984293         	0.6724753174955207  	0.03858364869409985 	0.022084196513269122
3111      	0.3014705882352941  	6072.603361999999   	9032.12415          	0.6723339118406604  	0.03920483269944667 	0.022296327995692457
3166      	0.30434782608695654 	6228.031641999999   	9361.31505          	0.6652945241918762  	0.03959963794188559 	0.022421414707525254
3277      	0.3028169014084507  	6348.395283999999   	9665.991544999999   	0.6567764159988203  	0.03944359822581019 	0.02228894971053187 
3388      	0.3013698630136986  	6401.370002         	9725.043636999999   	0.6582356070511892  	0.03919282795627494 	0.0221572007460187  
3444      	0.30405405405405406 	6709.720058999999   	10254.912021999999  	0.6542932835118963  	0.0397009379426298  	0.022431435013359032
3472      	0.3087248322147651  	6782.4161269999995  	10394.466068999998  	0.6525025991693388  	0.04050572799115193 	0.022879395516151153
3583      	0.30718954248366015 	7004.907321         	11052.091982999998  	0.6338082719339235  	0.04034599759079209 	0.02289738667915567 
3666      	0.3076923076923077  	7043.0939069999995  	11090.278568999998  	0.6350691610837571  	0.04045598168997729 	0.023071540944351987
3777      	0.30625             	7090.477258999999   	11140.273754999998  	0.6364724435804495  	0.04030093033350895 	0.023062585239400905
3833      	0.30864197530864196 	7175.378126999999   	11225.174622999999  	0.6392219602800561  	0.040596483907936125	0.02328304437734493 
3972      	0.30538922155688625 	7405.300367999999   	11536.848730999998  	0.6418824187320447  	0.040124593477193424	0.022937293243736355
4024      	0.30952380952380953 	7632.356937999999   	12002.695262999998  	0.6358869212924048  	0.04076409165972662 	0.023245333800420112
4048      	0.3136094674556213  	7767.619254999999   	12182.313151999997  	0.6376144791290947  	0.04130856278483751 	0.023482743346132266
4097      	0.3157894736842105  	7819.921419999999   	12251.317885999997  	0.6382922631479583  	0.04163308385419021 	0.023585510195367834
4170      	0.3160919540229885  	8029.590363999999   	12482.955429999996  	0.6432443349675567  	0.04178522393834997 	0.023564693257142534
4195      	0.32                	8345.142514         	13057.349555999996  	0.6391145828033159  	0.04255219062045306 	0.023932689263820386
4317      	0.31666666666666665 	8416.071270999999   	13128.278312999995  	0.6410643551535745  	0.0423318484268877  	0.023766561040855116
4390      	0.31693989071038253 	8548.865515999998   	13382.324837999995  	0.6388176658008577  	0.04261942934805926 	0.023894831634851774
4609      	0.3072916666666667  	8841.950946999998   	13801.763952999994  	0.6406391948963946  	0.04158409150607872 	0.02330889939003815 
4634      	0.31088082901554404 	9124.215080999998   	14304.829367999993  	0.6378415880591302  	0.04245003130256575 	0.02379906348003016 
4829      	0.3034825870646766  	9396.034587999999   	14739.231064999993  	0.6374847199669709  	0.04166306148315596 	0.023394228766613005
5025      	0.2980769230769231  	9446.231463999999   	14789.427940999993  	0.6387151350061812  	0.040868495290356396	0.02293227702555515 
5051      	0.3014354066985646  	9773.365016999998   	15151.490987999992  	0.6450431198316073  	0.041275786772702265	0.023171338324311695
5076      	0.3047619047619048  	9866.648340999998   	15299.023421999993  	0.6449201409033573  	0.041738117344043285	0.023433690914064748
5128      	0.30660377358490565 	10012.212317999998  	15532.654547999993  	0.644591192513786   	0.04202969820280973 	0.023627854711677915
5153      	0.30985915492957744 	10084.173757999997  	15622.114013999993  	0.645506347538042   	0.04254258512740523 	0.023937475386954475
5230      	0.3101851851851852  	10146.118864999997  	15739.070650999993  	0.6446453599441309  	0.04268703971745537 	0.02403348411014137 
5256      	0.31336405529953915 	10556.972472999996  	16501.009981999992  	0.639777352084266   	0.04325668218251665 	0.02441090409358352 
5358      	0.31221719457013575 	10651.770418999997  	16622.625739999992  	0.6407995093920704  	0.043212375882156616	0.02439838445864596 
5410      	0.31390134529147984 	10721.727622999997  	16692.58294399999   	0.6423048882829624  	0.043454397041341124	0.024562612135169304
5589      	0.30869565217391304 	10849.937131999997  	16853.25695299999   	0.6437887443512001  	0.042734221506304924	0.024185566565606952
5666      	0.3090128755364807  	10997.321089999998  	17078.68386799999   	0.6439208767489087  	0.04281517111884141 	0.024252818591447872
5692      	0.31196581196581197 	11091.355003999997  	17172.71778199999   	0.6458706853976065  	0.04330119383630872 	0.02453325563397245 
5846      	0.30833333333333335 	11160.102269999998  	17241.465047999987  	0.6472827128628823  	0.042674944284588394	0.024129500436085295
5948      	0.3073770491803279  	11255.969799999997  	17347.86465999999   	0.6488389217119939  	0.04246589706056798 	0.023946149943751435
5974      	0.31020408163265306 	11556.471516999996  	17667.26747499999   	0.6541176519432302  	0.042860617583299496	0.02408393126436257 
6021      	0.3130081300813008  	11659.366419999997  	17824.87453699999   	0.6541065069377102  	0.04329613307704088 	0.024232537804049936
6195      	0.30708661417322836 	11807.895680999996  	18034.58660699999   	0.6547361432957298  	0.04248223621746243 	0.023700019233667165
6282      	0.3062015503875969  	11990.023804999997  	18308.10709499999   	0.6549024288958041  	0.042389569934773164	0.02355608024353352 
6326      	0.3076923076923077  	12029.175462999998  	18352.00053499999   	0.655469437245197   	0.04259963284460868 	0.023596197917711836
6391      	0.30798479087452474 	12280.001013999998  	18831.347043999987  	0.652104227345363   	0.04273634790541851 	0.02361348426328649 
6478      	0.30711610486891383 	12428.182956999997  	19035.313495999988  	0.6529014066204694  	0.042633670256226365	0.023538799355441346
6652      	0.3018181818181818  	12531.597454999997  	19138.727993999986  	0.6547769245128865  	0.04184804758001188 	0.023111326942184   
6695      	0.30324909747292417 	12592.356476999998  	19229.818089999986  	0.6548349244940781  	0.04201447923494419 	0.02320713290445497 
6804      	0.30141843971631205 	12745.139122999997  	19429.243223999987  	0.6559771256173558  	0.041688940140273474	0.023030066116474093
6934      	0.2986111111111111  	13031.524865999998  	19764.060214999987  	0.6593546429346379  	0.04129110540565582 	0.022795275541895765
6978      	0.3                 	13207.929760999998  	20035.312385999987  	0.6592325343641391  	0.04152839861250074 	0.022908296071134576
7131      	0.2983050847457627  	13311.403896999998  	20220.839647999986  	0.6583012440987637  	0.04137276304722551 	0.02280275003902257 
7157      	0.30067567567567566 	13420.473463999999  	20365.497836999988  	0.6589808690862304  	0.04182001647188765 	0.023021618625403566
7210      	0.30201342281879195 	13521.018524        	20504.198194999986  	0.6594268351979324  	0.04213599004379921 	0.023163243620867652
7236      	0.30434782608695654 	13573.845807        	20560.980367999986  	0.6601750288194239  	0.04260167530648922 	0.023386300549245332
7394      	0.3016393442622951  	13745.489727        	20865.522515999986  	0.6587656607429677  	0.042396261544519157	0.02323972642234178 
7552      	0.2990353697749196  	13826.906608        	20946.939396999987  	0.6600919755360672  	0.042053377932973195	0.023039593079850665
7710      	0.29652996845425866 	13977.270821        	21104.70409199999   	0.6622822457055091  	0.04168814554059375 	0.022802417374099278
7736      	0.29874213836477986 	14204.737109        	21402.64089099999   	0.6636908585880739  	0.04198335676495837 	0.022906941698931475
7763      	0.30094043887147337 	14257.197857        	21460.41248199999   	0.6643487336955095  	0.04229669727042426 	0.02301278884352588 
7868      	0.30030959752321984 	14473.173651        	21878.78843799999   	0.6615162302983099  	0.04221885902057706 	0.02292837787606735 
8127      	0.29429429429429427 	14519.726051        	21932.50420299999   	0.6620186147742286  	0.041379214054197054	0.022430797987976533
8191      	0.29464285714285715 	14592.512676        	22005.29082799999   	0.6631365515711423  	0.04140223999075841 	0.0224006902330962  
8212      	0.29673590504451036 	14642.003829000001  	22061.53657299999   	0.6636892122427962  	0.04169314186914527 	0.02250611599715668 
8255      	0.29793510324483774 	14850.933866000001  	22312.24967599999   	0.6655955397439955  	0.041809603317890597	0.02252325661842823 
8297      	0.2991202346041056  	14972.339626        	22440.940709999988  	0.6671885915784325  	0.041959730663156745	0.022547943398572776
8319      	0.30116959064327486 	15045.411789000002  	22551.744149999988  	0.667150695260083   	0.04224867557522787 	0.02264608508584795 
8382      	0.30144927536231886 	15295.070625000002  	23007.60532199999   	0.6647832493186406  	0.042362488450369974	0.022647629938007126
8446      	0.3017241379310345  	15498.284574000003  	23255.26446499999   	0.6664419833765158  	0.042530176824316736	0.02266161415589765 
8617      	0.29775280898876405 	15719.864190000004  	23530.652861999988  	0.6680589902112853  	0.04200443659066126 	0.02232176063521719 
8765      	0.29476584022038566 	15850.559115000004  	23668.49973099999   	0.6696900646490753  	0.0416578541217832  	0.022064308493690423
8914      	0.2918918918918919  	15902.901554000004  	23720.84216999999   	0.6704189269516146  	0.04132725972227144 	0.021814185805377573
8957      	0.29301075268817206 	16219.004789000004  	24454.54755099999   	0.6632306222462407  	0.04163497023887305 	0.021941282373712512
9127      	0.29023746701846964 	16306.829032000003  	24591.71290799999   	0.6631026107455569  	0.04141319713337432 	0.02178250990462564 
9234      	0.2890625           	16588.784109000004  	24959.90948499999   	0.6646171581258845  	0.04134703347882659 	0.021737953279536034
9255      	0.2909090909090909  	16797.670683000004  	25321.51455499999   	0.6633754330340059  	0.04176567269939161 	0.021945985814031614
9276      	0.2927461139896373  	16948.583983000004  	25606.44902699999   	0.6618873224135472  	0.042227320491428515	0.022173644630936427
9297      	0.29457364341085274 	17115.481360000005  	25773.346403999993  	0.6640767982439294  	0.04272885199254897 	0.022407540498916877
9361      	0.2948717948717949  	17205.199289000004  	25863.06433299999   	0.6652421023075374  	0.043028512167888604	0.022529414666748127
9404      	0.29591836734693877 	17323.275535000004  	26173.328006999993  	0.6618675137669515  	0.04345721298084352 	0.022737255038715456
9425      	0.29770992366412213 	17460.599599000005  	26310.652070999993  	0.6636323399314511  	0.04401914343899714 	0.02300835399548385 
9446      	0.29949238578680204 	17537.869678000006  	26460.195431999993  	0.6628019707212875  	0.04457850402905321 	0.023280157272438283
9489      	0.3005050505050505  	17589.617930000008  	26511.943683999994  	0.6634601423288091  	0.04499220022635773 	0.02346452952449919 
9574      	0.3                 	17697.566757000008  	26643.589174999994  	0.664233585075912   	0.045074349020799806	0.023451193901946724
9595      	0.30174563591022446 	17909.39462900001   	27024.599242999993  	0.6627071309351226  	0.045530301777099505	0.023644970307079242
9851      	0.29539951573849876 	18119.63921400001   	27237.35182799999   	0.6652496662826459  	0.04458884859453033 	0.02312724082964754 
9872      	0.2971014492753623  	18183.03024800001   	27300.742861999992  	0.6660269407287462  	0.0448738324172975  	0.0232421851507992  
9893      	0.2987951807228916  	18249.31000900001   	27367.022622999993  	0.6668357848201869  	0.045163029777047996	0.023361582752478845
9914      	0.3004807692307692  	18417.74203800001   	27560.09951799999   	0.6682755998747775  	0.04548653665432871 	0.023489250773433532
9978      	0.30071599045346065 	18511.53981100001   	27732.237940999992  	0.6675097714934904  	0.04559217741358658 	0.023502195502100656
10044     	0.3016627078384798  	18584.07418500001   	27804.77231499999   	0.668377139523432   	0.04579160282987236 	0.023569239526884788
10088     	0.30260047281323876 	18639.83425900001   	27866.97512499999   	0.6688861699337386  	0.04597297736896268 	0.023631859877912366
10111     	0.30424528301886794 	18871.50503800001   	28187.61090099999   	0.6694964360151048  	0.04631606311446991 	0.02377319404413561 
10133     	0.3058823529411765  	18952.46591000001   	28268.57177299999   	0.6704429945096122  	0.0466848516709615  	0.023914434395468767
10200     	0.3060747663551402  	19234.16002700001   	28872.373501999988  	0.666178692433016   	0.04687999069077435 	0.023995067060554914
10288     	0.3055555555555556  	19283.713452000007  	28921.926926999986  	0.6667506456493308  	0.046936881960238576	0.02400637694142713 
10488     	0.30158730158730157 	19328.015614000007  	28966.229088999986  	0.6672603311467933  	0.04629855305523562 	0.02369504363122598 
10511     	0.3031674208144796  	19435.590464000008  	29073.803938999987  	0.6684914882406856  	0.04652901551101352 	0.023826250165068463
10533     	0.3047404063205418  	19554.41367100001   	29238.162946999986  	0.6687976158572716  	0.04678029785329884 	0.023966305462505853
10600     	0.30493273542600896 	19645.58421100001   	29433.692397999985  	0.667452249801147   	0.046811683346455905	0.024012145358351132
10755     	0.30242825607064017 	19743.051777000008  	29531.159963999984  	0.6685498233414404  	0.046415360723592806	0.023845660385752615
10822     	0.3026315789473684  	19780.302762000007  	29568.410948999983  	0.6689673921306544  	0.04643892716587202 	0.02389406490315084 
10911     	0.30217391304347824 	19876.942696000006  	29665.05088299998   	0.6700457981479747  	0.04636651881716847 	0.023884256239787023
10977     	0.3023758099352052  	19992.279580000006  	29788.08530099998   	0.6711502057948272  	0.04639085316610791 	0.023903627076229852
11017     	0.30387931034482757 	20238.146335000005  	30219.81271099998   	0.6696979405048841  	0.0466447810745092  	0.024065636133918062
11035     	0.3053763440860215  	20458.024765000006  	30548.24435099998   	0.6696955978856547  	0.04694002276982224 	0.02424824187447916 
11178     	0.3023255813953488  	20813.098271000006  	30952.05076299998   	0.6724303481654903  	0.04653290367041106 	0.024058500029367668
11196     	0.3037974683544304  	21068.471228000006  	31514.21645999998   	0.6685386341349011  	0.04685934427998921 	0.02427351582390969 
11250     	0.3039832285115304  	21215.879451000004  	31722.49196099998   	0.6687961171866027  	0.04701592739355928 	0.024398888510911702
11303     	0.30416666666666664 	21316.297445000004  	31837.57354099998   	0.669532727346485   	0.047191677814313014	0.024526263641957032
11392     	0.3030927835051546  	21473.962207000004  	31995.23830299998   	0.6711611897882483  	0.04703919968817702 	0.024495116595996198
11464     	0.30265848670756645 	21591.481001000004  	32238.26011199998   	0.66974709323606    	0.04700448924167937 	0.024524377232380355
11500     	0.3034623217922607  	21711.909984000005  	32461.247270999982  	0.6688563074221997  	0.047156434911773626	0.024646130935078045
11517     	0.3048780487804878  	21922.319234000006  	32784.261858999984  	0.6686842402700569  	0.04744819404653549 	0.02483655092143729 
11535     	0.30628803245436104 	22016.775785000005  	32927.770199999984  	0.6686385276401138  	0.04775107239267833 	0.025037232337520785
11607     	0.3058350100603622  	22308.611889000007  	33391.602476999986  	0.6680904848566671  	0.047809020454579965	0.025113947740570828
11660     	0.306               	22338.540384000007  	33426.92242199999   	0.6682799003146594  	0.047968660893263404	0.025240533456472716
11839     	0.30196078431372547 	22489.632969000006  	33656.28744399999   	0.6682149065436896  	0.04745137853493975 	0.025009424300358025
11910     	0.301556420233463   	22735.750468000006  	34005.57139199998   	0.6685889851963708  	0.04746944480175384 	0.02502525287594539 
11928     	0.3029126213592233  	22927.409570000007  	34234.60140699998   	0.6697145177017314  	0.04770634939859654 	0.025132196678252876
11982     	0.3030888030888031  	23022.084649000008  	34396.98786299998   	0.6693052525614988  	0.047764568759980586	0.025148458293461507
12027     	0.3044315992292871  	23123.417019000008  	34577.36800399998   	0.6687442785212871  	0.04799877312193037 	0.025260196185713693
12081     	0.30518234165067176 	23358.219950000006  	34954.076274999985  	0.6682545339270309  	0.048167497992199076	0.02534589739811326 
12135     	0.30592734225621415 	23460.999885000005  	35073.254851999984  	0.6689142477366108  	0.04831220918473587 	0.025417959827517364
12162     	0.30725190839694655 	23580.855677000003  	35235.13543299998   	0.6692426575694387  	0.04856705281339381 	0.025546145759718187
12270     	0.3068181818181818  	23643.079630000004  	35371.48072199998   	0.6684221058151725  	0.04854965292559509 	0.02554216951263347 
12297     	0.30812854442344045 	23732.969091000003  	35490.97017299998   	0.6687044331364893  	0.048825426581406685	0.025689484704529607
12432     	0.30711610486891383 	23822.210329        	35580.21141099998   	0.6695353789166953  	0.0486293855028622  	0.02557814360442036 
12513     	0.30726256983240224 	23902.898257        	35664.39940399998   	0.670217321935867   	0.04861818761213675 	0.02555983532978534 
12540     	0.30855018587360594 	24085.750930000002  	35875.90435299998   	0.6713628928488857  	0.048758173206075006	0.02562197560762472 
12594     	0.30925925925925923 	24183.155368000003  	35978.57215499999   	0.6721543941159221  	0.0488088077302572  	0.025632457962982892
12648     	0.30996309963099633 	24240.747138000002  	36059.27146499999   	0.6722472793586155  	0.04884901049454222 	0.025640858291098488
12702     	0.31066176470588236 	24376.783819000004  	36215.942467999994  	0.6730953872190144  	0.048909653076936385	0.025653525224104003
12783     	0.31078610603290674 	24634.276336000003  	36521.04676299999   	0.6745227346812346  	0.048912290596128824	0.025639945673500968
13155     	0.3048128342245989  	24721.242651000004  	36608.01307799999   	0.6752959413100877  	0.047858641113745055	0.025093196025201606
13222     	0.3049645390070922  	24943.907607000005  	36886.40774199999   	0.6762357500754433  	0.04779260522266039 	0.025073139009315345
13355     	0.30350877192982456 	24985.394521000006  	36927.89465599999   	0.6765994853958027  	0.04744898583359866 	0.02489177800138311 
13466     	0.3026086956521739  	25168.598683000004  	37111.09881799999   	0.6781959975486493  	0.04719419353213536 	0.024758696954936592
13733     	0.2981260647359455  	25248.648541000002  	37212.58365599999   	0.6784975957166314  	0.04639325476156934 	0.024334145887013884
13800     	0.2983050847457627  	25277.935568        	37241.87068299999   	0.6787504253791088  	0.04629414865356139 	0.024287131698272745
13822     	0.29949238578680204 	25397.535385        	37361.47049999999   	0.6797787947077727  	0.04635236285346296 	0.024306145231439827
13844     	0.30067567567567566 	25453.718961        	37417.65407599999   	0.6802596151351518  	0.04641934562258445 	0.02432595288317243 
13866     	0.30185497470489037 	25627.180857        	37649.60304699999   	0.6806759907935347  	0.04651437306697048 	0.024359069978614305
13933     	0.30201342281879195 	25775.237947999998  	37821.17030299999   	0.6815029186433053  	0.04646540739639723 	0.024302555063048268
13955     	0.30318257956448913 	25811.145388999998  	37857.077743999995  	0.6818050131481908  	0.04655651357236343 	0.024319686214737405
14024     	0.3038397328881469  	25930.691330999998  	37978.999470999996  	0.6827639403929047  	0.04658500864813753 	0.024299161276908485
14097     	0.30398671096345514 	26145.407399        	38314.701457999996  	0.6823857789329301  	0.046568380810971984	0.0242550881463472  
14390     	0.2996742671009772  	26332.850470999998  	38555.184215999994  	0.6829911724315441  	0.045897878290633284	0.02386212010399866 
14414     	0.3008130081300813  	26379.331204        	38609.651632999994  	0.6832315260118369  	0.0460421566312229  	0.023887165663919414
14463     	0.3014586709886548  	26465.143741        	38712.70980499999   	0.6836293267587757  	0.046123948104966554	0.023877068000906786
14487     	0.30258899676375406 	26764.901102        	39193.59194699999   	0.6828897218247605  	0.04631478140201396 	0.02393843740256493 
14512     	0.3037156704361874  	26859.453747        	39361.87052499999   	0.6823723920828584  	0.04652871593613753 	0.024006945507781402
14560     	0.30434782608695654 	27192.078282        	40066.10696099999   	0.6786803197143295  	0.046715647354509775	0.02407855896712108 
14585     	0.3054662379421222  	27346.82041         	40308.00440699999   	0.6784463982357529  	0.047004394188783306	0.02419775564663241 
14609     	0.30658105939004815 	27433.16171         	40519.598982999996  	0.6770343833242177  	0.04730818406502529 	0.024326798265759102
14707     	0.3062200956937799  	27494.613365        	40593.033329        	0.6773234496215296  	0.04734747428073931 	0.024320479499654764
14780     	0.30634920634920637 	27627.887488        	40830.13215         	0.6766543734539444  	0.047435077090354175	0.024354365175707247
14829     	0.3069620253164557  	27686.398864        	40927.259678999995  	0.6764781976890099  	0.047588909995910596	0.024428747671477156
14853     	0.3080568720379147  	27874.268573999998  	41152.566169        	0.6773397425455702  	0.04782525449687644 	0.02454752928713912 
14878     	0.30914826498422715 	27954.934827999998  	41258.615025        	0.6775538832571367  	0.048059524436842506	0.024666000344841392
14902     	0.3102362204724409  	28054.485812        	41358.166009        	0.6783300257050815  	0.04830956959383723 	0.024786402031683752
14926     	0.3113207547169811  	28098.286313        	41401.96651         	0.6786703309422102  	0.04855860075473234 	0.02490725417044276 
14951     	0.31240188383045525 	28234.987281        	41577.977129        	0.6790851607185703  	0.04878940023218395 	0.02499205593927246 
15093     	0.31201248049922    	28422.81174         	41823.692965        	0.6795863713848875  	0.048802141274661176	0.024966999428644096
15156     	0.31259720062208396 	28529.444004        	42001.367714        	0.6792503567566086  	0.04896440834081751 	0.02501992558300928 
15218     	0.31317829457364343 	28630.219614        	42102.143324        	0.6800181024912233  	0.049143353233686765	0.025074960066291403
15312     	0.3132716049382716  	28733.810386        	42297.905835        	0.679319928936619   	0.04923600959772673 	0.0250868785677637  
15343     	0.31432973805855163 	28978.1685          	42684.696169999996  	0.6788889485025004  	0.04949336894122575 	0.025184029456065654
15531     	0.31297709923664124 	29143.005959        	42865.692226        	0.6798678487530276  	0.04930295895148972 	0.025044890475109646
15625     	0.3130699088145897  	29343.586144999997  	43152.801741999996  	0.6799926067474852  	0.04932512062990331 	0.025028308898766356
15656     	0.3141122913505311  	29456.282360999998  	43329.886549999996  	0.6798144354015162  	0.04951417636013151 	0.025094402692620976
15750     	0.31419939577039274 	30062.202594        	44557.050717        	0.6746901356855352  	0.04961094381215269 	0.025138633775253733
15781     	0.3152337858220211  	30177.091994        	44712.635483        	0.6749119497881869  	0.049874886153865546	0.025263330760496253
15812     	0.31626506024096385 	30365.309384999997  	44968.055283        	0.675264011171937   	0.050159680753317636	0.025398692612778547
16022     	0.31492537313432833 	30491.620276999998  	45139.243985        	0.6755013506015413  	0.05005280236237624 	0.025345309875708162
16111     	0.314540059347181   	30631.767645999997  	45444.201191        	0.6740522848505139  	0.05010285006809565 	0.02537685338795626 
16244     	0.31323529411764706 	30726.741321999998  	45558.725517        	0.6744425128954601  	0.049995905353432984	0.025325301647464164
16288     	0.31378299120234604 	30836.959           	45716.302459        	0.6745287204199351  	0.05019647086508935 	0.02542599563831358 
16377     	0.31341107871720114 	31088.278008999998  	46133.262366999996  	0.6738798951976576  	0.050167248778562885	0.025394373783944633
16400     	0.314410480349345   	31198.700524999997  	46243.684882999994  	0.6746586177968962  	0.05035142495578181 	0.02547514893065281 
16688     	0.31                	31262.533242999998  	46307.51760099999   	0.6751070854708242  	0.04955225041794826 	0.0250616606232262  
16755     	0.310099573257468   	31329.563066        	46374.54742399999   	0.6755766860548631  	0.04946746248824275 	0.02500352609480617 
16777     	0.31107954545454547 	31467.655993        	46542.79037999999   	0.6761016203816185  	0.04953760806418497 	0.025022579214610385
16866     	0.3107344632768362  	31621.213352        	46697.34427899999   	0.6771522843584963  	0.0494166020418039  	0.024939232895283145
16933     	0.3108298171589311  	31703.960599        	46790.64801499999   	0.6775704535837257  	0.04931965833572019 	0.024864505439548337
16955     	0.31179775280898875 	31908.586637999997  	47013.61948599999   	0.6787094247764084  	0.04938069877759255 	0.02486928629166384 
16977     	0.3127629733520337  	32100.171428999998  	47311.95612599999   	0.6784790580949907  	0.04945211094124234 	0.02488854951643285 
17200     	0.3106796116504854  	32193.037812        	47444.50810599999   	0.6785408701060758  	0.04903360546388348 	0.024666034479908974
17525     	0.3065395095367847  	32340.380035        	47596.31126899998   	0.6794724039058812  	0.04826864882940756 	0.0242739925100266  
17550     	0.3074829931972789  	32400.645538999997  	47668.88517199998   	0.6797021877497499  	0.048313664572165176	0.024287941013290508
17575     	0.30842391304347827 	32555.636330999998  	47846.62644999998   	0.680416546504503   	0.04837470937589649 	0.024306025465244237
18029     	0.30278884462151395 	32725.416774999998  	48059.85382999998   	0.680930426687484   	0.04734511870193408 	0.023786363973853503
18323     	0.30013106159895153 	32867.623381        	48202.06043599998   	0.6818717516160913  	0.046794591977938206	0.02350457325248492 
18411     	0.3002610966057441  	32923.853293        	48258.29034799998   	0.6822424303799336  	0.04666739533266633 	0.0234365873847023  
18441     	0.3011734028683181  	33129.295693        	48549.46461299998   	0.6823823075513183  	0.04667663181477558 	0.023442522010279927
18647     	0.2997416020671835  	33209.513952        	48629.68287199998   	0.6829062414289645  	0.04631668404845541 	0.02325891210934066 
18705     	0.3002577319587629  	33266.784037        	48686.95295699998   	0.683279236356833   	0.04626748576916585 	0.023227320379522066
18764     	0.30077120822622105 	33443.406277999995  	48923.91766299998   	0.6835798904815111  	0.0462404653024082  	0.02320490629311211 
18852     	0.30089628681177977 	34016.431747999995  	49845.84803499998   	0.6824326014899951  	0.04620501885347172 	0.023192577217251247
18882     	0.30179028132992325 	34065.135299999994  	49894.55158699998   	0.6827425884487889  	0.046292945364406084	0.023240707282192366
18941     	0.3022959183673469  	34192.512131999996  	50032.90082999998   	0.6834005537311959  	0.04633530794295041 	0.023262596306008326
19263     	0.2993710691823899  	34323.780313999996  	50244.14654199998   	0.6831398814846648  	0.04582253593667147 	0.02301963655442946 
19289     	0.30025125628140703 	34416.119941        	50345.64843699998   	0.6835967160908971  	0.04591265108244918 	0.02307079339811262 
19473     	0.298879202988792   	34475.253995        	50406.59827499998   	0.6839432767693548  	0.045656992320020344	0.022948596995252278
19710     	0.29679802955665024 	34640.272594        	50656.352430999985  	0.6838287980008865  	0.04520390380860915 	0.02272771242102224 
19815     	0.2965686274509804  	34752.118836        	50796.020890999986  	0.6841504162417054  	0.045046529958487666	0.02265161648611214 
20162     	0.29347826086956524 	34835.542005        	50879.44405999999   	0.6846682908704724  	0.04445315211043582 	0.022354696056074024
20270     	0.2932692307692308  	34931.669668        	50975.57172299999   	0.6852629306016976  	0.044306216005042906	0.022280522860949767
20459     	0.29201430274135876 	35073.443507        	51128.816195999985  	0.6859819201083701  	0.043997545568482226	0.02212238323719802 
20513     	0.2925089179548157  	35195.08472300001   	51276.312087999984  	0.6863809679330778  	0.043962269127234735	0.02210326338862125 
20567     	0.2930011862396204  	35283.207118000006  	51403.707249999985  	0.686394211732657   	0.043933631501767004	0.022090294031370996
20594     	0.2938388625592417  	35478.718263        	51692.81169699998   	0.6863375602580934  	0.04397332910916376 	0.022113421630892083
20864     	0.29156908665105385 	35560.524698        	51774.61813199998   	0.6868331622907973  	0.04351239828544057 	0.021884018206767   
20918     	0.29205607476635514 	35866.622768        	52164.98283199998   	0.6875612876843132  	0.043488046667911395	0.021872183342471346
20945     	0.2928821470245041  	36118.878267        	52446.16416399998   	0.6886848417370564  	0.043539296173211124	0.021893960672082546
20972     	0.2937062937062937  	36259.758736        	52587.04463299998   	0.6895188537224983  	0.04359883662447713 	0.02192226833430073 
21026     	0.29452852153667053 	36410.067536        	52737.35343299998   	0.6904037682182339  	0.0436700172358381  	0.021955198553135928
21052     	0.29534883720930233 	36488.046749        	52815.33264599998   	0.690860871663249   	0.04375399914634032 	0.021988558702745346
21078     	0.2961672473867596  	37345.377312000004  	54625.23060599998   	0.6836653483692209  	0.04391482560457024 	0.022105780547069256
21184     	0.29595375722543354 	37553.470975000004  	54912.17803499998   	0.683882379443484   	0.04391743260476065 	0.022148128893376442
21236     	0.2964244521337947  	37577.17989000001   	54935.886949999986  	0.6840188076730418  	0.04401684706972655 	0.022239573375928853
21342     	0.29621125143513205 	37605.30439600001   	54964.011455999986  	0.6841804919225002  	0.04400702742744867 	0.022274851588911005
21394     	0.29667812142038946 	37718.155665000006  	55097.11933799998   	0.6845758202640938  	0.044039242254192285	0.0222809492982919  
21447     	0.29714285714285715 	37736.33616100001   	55115.29983399998   	0.6846798670179945  	0.04407365369750739 	0.022287201835644543
21500     	0.2976054732041049  	38029.245801000005  	55526.233897999984  	0.6848879012911011  	0.044121948012645816	0.022301359562936617
21526     	0.2984054669703872  	38218.44263400001   	56010.09549499999   	0.6823491782371941  	0.04424301031966991 	0.022359668269135588
21552     	0.2992036405005688  	38382.80566700001   	56192.19067099999   	0.6830629880889987  	0.04435684327559714 	0.022406973001660342
21631     	0.29931972789115646 	38586.282880000006  	56398.86223199999   	0.6841677536201545  	0.044380679035728454	0.02239979557724749 
21657     	0.3001132502831257  	38643.768477000005  	56456.34782899999   	0.6844893437678202  	0.04448891969557799 	0.022431393970243806
21684     	0.3009049773755656  	38704.505637        	56538.257825999994  	0.6845719540229825  	0.044598881216367896	0.02246600188602998 
21710     	0.3016949152542373  	38877.966926        	56739.558085        	0.6852003829102435  	0.044728617623210246	0.022505583111773753
21736     	0.30248306997742663 	38912.187582        	56785.009559        	0.6852545748287667  	0.044862715546014266	0.022546314077911432
21763     	0.3032694475760992  	38992.412832        	56877.901952        	0.6855459061219629  	0.045008524150765054	0.02258780427107145 
21947     	0.30201342281879195 	39168.651183        	57054.140303        	0.6865172444100511  	0.044840768343165485	0.022473782066025096
21973     	0.3027932960893855  	40031.123928        	59184.074047        	0.6763833780048664  	0.04505210362249187 	0.02260941856523171 
22021     	0.30357142857142855 	40357.415038        	59529.136937        	0.6779438962925074  	0.045289363439189594	0.022755740321239556
22043     	0.30434782608695654 	40724.524591        	59942.766861000004  	0.6793901370191208  	0.045548887147172645	0.022916457029256977
22065     	0.3051224944320713  	41043.026143        	60395.992954        	0.6795653839859874  	0.04584162615908528 	0.02308885753609637 
22108     	0.3055555555555556  	41139.661112        	60641.602387        	0.6784065640194773  	0.04608983452214166 	0.023244454985297796
22239     	0.304635761589404   	41270.873789000005  	60869.90235         	0.6780177426882303  	0.0461292636513497  	0.023307583302217827
22347     	0.3040614709110867  	41389.654459000005  	61188.720074        	0.6764262172659351  	0.0461528833684395  	0.023311141991856094
22369     	0.3048245614035088  	41585.40719900001   	61524.217388        	0.6759193203018465  	0.046393069254421826	0.023430023216324244
22652     	0.3016216216216216  	41658.03216100001   	61647.518375        	0.6757454843128551  	0.04599639478545104 	0.023234156284817092
22673     	0.3023758099352052  	41744.41332200001   	61755.637539        	0.6759611751338089  	0.046213258552175944	0.023343960521629768
22760     	0.3021505376344086  	41952.39387400001   	61963.618091000004  	0.6770488097126376  	0.04629656850956107 	0.02338405663481899 
23243     	0.2971548998946259  	41992.38288000001   	62003.60709700001   	0.6772570959348554  	0.045534185797674064	0.022994099863802346
23270     	0.29789473684210527 	42104.07558100001   	62239.83389300001   	0.6764811688505386  	0.04566334738678667 	0.02305502997089348 
23297     	0.29863301787592006 	42285.203771000015  	62737.48171100001   	0.6740022490189622  	0.04578857170933001 	0.023129697130620158
23378     	0.29874213836477986 	42395.60827100001   	62847.886211000005  	0.674574927288162   	0.045825450808877954	0.023158564590975192
23405     	0.2994764397905759  	42435.72494500001   	62889.12505         	0.6747704775867288  	0.045962675127765765	0.023235877393083606
23432     	0.3002092050209205  	42542.96223800001   	63021.042842        	0.6750596359482567  	0.046107816442769727	0.023316626323292813
23459     	0.30094043887147337 	42779.404287000005  	63483.69006         	0.6738644878167627  	0.046274574163382154	0.02341163519265164 
23513     	0.3013555787278415  	42832.49127700001   	63557.100282        	0.6739214200609243  	0.046397660307349195	0.02348327956288917 
23540     	0.3020833333333333  	43183.436740000005  	64141.139194        	0.6732564666397373  	0.04660243477229793 	0.023599694803669313
23675     	0.3015544041450777  	43397.619395        	64404.279788        	0.6738312972034194  	0.046526000434660965	0.023581353852649065
23810     	0.30103092783505153 	43439.511661000004  	64446.172054        	0.6740433182687975  	0.04643872835482712 	0.0235630638155569  
23891     	0.3011305241521069  	43535.301959000004  	64541.962352        	0.6745270886181995  	0.04643016313074673 	0.023570460397530305
23972     	0.3012295081967213  	43706.709015        	64725.117098        	0.6752665885304444  	0.04642469505876041 	0.023579086326440204
24209     	0.29949238578680204 	43753.965964        	64772.374047000005  	0.6755035091388087  	0.046129114870361525	0.02343759955604466 
24302     	0.2992922143579373  	43884.266386        	64939.528345000006  	0.6757712521849392  	0.04607272483085267 	0.02341872706893196 
24325     	0.3                 	43942.245038        	64997.506997000004  	0.6760604685965599  	0.04616317961505739 	0.023471225539870178
24465     	0.2991967871485944  	44055.778447000004  	65111.04040600001   	0.6766253184143598  	0.045973885886494426	0.023371000483610464
24511     	0.2995991983967936  	44109.28593600001   	65164.54789500001   	0.6768908457260157  	0.045975519918592285	0.023366235057657288
24581     	0.2997002997002997  	44346.672945000006  	65444.74511200001   	0.6776200727668287  	0.04594416300260288 	0.023347971035322327
24674     	0.29950248756218906 	44494.94770800001   	65593.01987500001   	0.6783488211519092  	0.04585623070515616 	0.02330765213728547 
24720     	0.2999006951340616  	44614.06963300001   	65915.425805        	0.6768380707269255  	0.04585719339881285 	0.023306027373759967
24883     	0.2988165680473373  	44826.666126000004  	66167.58656600001   	0.6774716814143865  	0.04564765257949036 	0.02319389211104366 
24976     	0.29862475442043224 	44921.913498        	66279.36805900001   	0.6777661708846076  	0.04558600490517138 	0.02315306111275542 
25034     	0.29931305201177627 	45136.881449        	66721.26725100001   	0.6764991629909951  	0.04567246421615909 	0.023195760210166786
25068     	0.3                 	45437.457161        	67239.12276900001   	0.6757592200763888  	0.04577645984486913 	0.02325452787881014 
25103     	0.3006856023506366  	45549.48395         	67352.54803         	0.6762844952756867  	0.045880005613010234	0.023304896509087732
25137     	0.3013698630136986  	45649.599294        	67601.99402         	0.6752700117173259  	0.04599244960776601 	0.02336293386631587 
25310     	0.3008763388510224  	45686.843085        	67639.237811        	0.675448815858331   	0.045863381419911774	0.023305907699131982
25482     	0.3003875968992248  	45813.90348         	67766.29820599999   	0.6760573425559147  	0.04571667392980554 	0.023234514683185988
25655     	0.29990356798457085 	45884.732501        	67889.12395699999   	0.6758775165527654  	0.045578767306544504	0.02316633194272709 
25827     	0.29942418426103645 	45909.712204999996  	67914.10366099999   	0.6759967330815835  	0.0454312560882718  	0.023084231398957752
25931     	0.29952153110047847 	46008.023042999994  	68012.41449899999   	0.67646507452954    	0.04536873412728517 	0.023047136051807107
26060     	0.29961832061068705 	46160.206662        	68337.52394799999   	0.6754737952918025  	0.0453020073914422  	0.023018072608093684
26303     	0.29829545454545453 	46282.863175        	68473.40892599999   	0.6759246238933193  	0.04503076694827235 	0.022882895261156545
26333     	0.2989593188268685  	46544.457669999996  	68863.34606         	0.6758959640074161  	0.045073335735204036	0.022915569142326075
26363     	0.2996219281663516  	46591.852839        	68910.74122899999   	0.6761188750556141  	0.04511161179909972 	0.0229466610288116  
26393     	0.3002832861189802  	46775.902007        	69215.50244899999   	0.6758009456258134  	0.04517004801309931 	0.022985108911278335
26545     	0.299812030075188   	46819.829699999995  	69259.430142        	0.6760065684052997  	0.04504240185895043 	0.02292455849380649 
26606     	0.300187617260788   	47009.03013499999   	69618.774037        	0.6752349604722471  	0.04505365101151716 	0.022940006980619647
26636     	0.30084348641049674 	47194.240550999995  	69809.466307        	0.6760435661183058  	0.04511199515095866 	0.022978659729726805
26666     	0.301498127340824   	47269.841252        	69918.41261999999   	0.6760714306960478  	0.045155323795101864	0.023012809281816298
26757     	0.30158730158730157 	47326.603986999995  	69975.17535499998   	0.6763341963332191  	0.04510918541307256 	0.022996569870642775
26818     	0.3019571295433364  	47417.672075999995  	70066.24344399998   	0.676754878601395   	0.045100235044372654	0.02299137074726575 
26909     	0.3020446096654275  	47676.906621999995  	70583.50400799997   	0.6754681181115104  	0.045070440280877436	0.022981047669846   
26939     	0.30269266480965645 	47760.75982399999   	70667.35720999997   	0.675853204501066   	0.045131991034686535	0.023015352673244015
27020     	0.3030583873957368  	47814.30551199999   	70728.37375899998   	0.6760272146921201  	0.04515781636833828 	0.023029231935070286
27040     	0.3037037037037037  	47855.65770899999   	70769.72595599998   	0.6762165186107055  	0.04521477291611502 	0.023061251499077524
27160     	0.3029465930018416  	47881.50501699999   	70795.57326399998   	0.6763347312472157  	0.04505888151632811 	0.02298545227371168 
27280     	0.3021978021978022  	48078.72630299999   	71070.01540999998   	0.6764980424674992  	0.04492088898402296 	0.022917486004661383
27360     	0.30200729927007297 	48372.16264099999   	71430.28580399998   	0.6771940234668811  	0.04488032598040092 	0.022906687122348588
27400     	0.302367941712204   	48603.59916899999   	71797.07770499999   	0.6769579030598234  	0.044946310333415174	0.022945618885048483
27420     	0.30300272975432213 	48936.94644499999   	72371.16742799999   	0.6761939621008043  	0.04507442568303485 	0.02302255269257852 
27460     	0.3033605812897366  	49036.36708399999   	72476.07837199999   	0.6765869261345745  	0.04516952762677811 	0.023079927639466185
27600     	0.30234657039711194 	49094.40414499999   	72534.11543299998   	0.6768457001498649  	0.04506658498953732 	0.023032764026156463
27720     	0.3016157989228007  	49238.768230999995  	72683.76207099999   	0.6774383552532941  	0.04498938145267414 	0.022991164387451715
27820     	0.30116175156389635 	49489.886098999996  	73104.11640199999   	0.6769781037616925  	0.04493475411628025 	0.02295152960316033 
27900     	0.3009795191451469  	50099.766718        	74049.83742899999   	0.6765682202346001  	0.04493071285801912 	0.02295180587925961 
27960     	0.30106571936056836 	50111.60952         	74063.07908899999   	0.6766071588757735  	0.04496227114566123 	0.0229722461102422  
28054     	0.30115146147032773 	50223.061464        	74228.02617499999   	0.6766051052683808  	0.044979049207929896	0.022984977113834404
28081     	0.3017699115044248  	50675.859264        	75207.97846799999   	0.673809618291521   	0.045113245672273525	0.023067581009914077
28540     	0.2981691368788143  	50791.215951        	75323.335155        	0.6743091745271512  	0.04458146742571639 	0.022807288401852064
28567     	0.29878048780487804 	50925.841154        	75511.15106199999   	0.6744148438710236  	0.044689503038650366	0.02287444199597126 
28864     	0.29680759275237273 	51049.314783        	75634.62469099999   	0.6749463620869203  	0.04432549058727667 	0.022673932561637557
28972     	0.29664660361135    	51103.629633000004  	75688.93954099999   	0.6751796225830017  	0.04422924211695063 	0.022613696508625845
29055     	0.29699570815450643 	51372.37282700001   	75994.35949199999   	0.6760024450552549  	0.04423298700005795 	0.022599058442858002
29083     	0.29759862778730706 	51462.721753000005  	76137.79792399998   	0.6759155525402718  	0.04428426442300143 	0.022606499997062275
29111     	0.2982005141388175  	51494.03267100001   	76179.71345299999   	0.6759546647910389  	0.044338039298685114	0.02261495650966907 
29138     	0.2988013698630137  	51631.56036100001   	76397.58213999998   	0.6758271520476161  	0.04440076195942953 	0.022628285876200756
29166     	0.2994011976047904  	51760.634498000014  	76526.65627699999   	0.6763739200971286  	0.04447092822843726 	0.022643522211718954
29194     	0.3                 	51906.31747800001   	76713.97578699999   	0.676621397150897   	0.04455435245588008 	0.02266287769568128 
29222     	0.300597779675491   	52173.89717500001   	77205.479373        	0.6757797192467931  	0.04466162427933079 	0.022695467152864347
29277     	0.3009377664109122  	52377.819361000016  	77529.072617        	0.6755893962481759  	0.044752910707948124	0.02271502638011785 
29305     	0.30153321976149916 	52517.60360800002   	77832.27228         	0.6747535703322269  	0.04489202655510538 	0.02276330382043141 
29333     	0.3021276595744681  	52719.69250600002   	78159.180557        	0.6745169554017081  	0.04503480899672153 	0.022820360220625384
29361     	0.30272108843537415 	52865.119504000024  	78428.786357        	0.674052499848248   	0.04518543711499107 	0.022884436896259974
29416     	0.3030560271646859  	53105.37338600002   	78726.02781         	0.6745592895168836  	0.04531570616681363 	0.022936494864212804
29444     	0.30364715860899066 	53203.01918800002   	78823.673612        	0.6749624414853518  	0.04549572232353557 	0.02300805195374361 
29638     	0.30269814502529513 	53289.17794700002   	78909.832371        	0.6753173381037902  	0.04545065974761118 	0.022964387463441496
29805     	0.30201342281879195 	53522.43981900002   	79367.932063        	0.6743585025815645  	0.04539901321947574 	0.022925376191176707
29861     	0.30234505862646566 	53608.87703800002   	79454.369282        	0.6747127630921217  	0.045493045787245806	0.02295747988257815 
29916     	0.30267558528428096 	53769.82431400002   	79649.877394        	0.67507730172665    	0.04558429519986127 	0.022990015433688244
29972     	0.3030050083472454  	53824.51309600002   	79708.277082        	0.6752688060316242  	0.045670625387750054	0.023017480358029297
30025     	0.3035863219349458  	54092.50351700002   	80099.399558        	0.6753172160526824  	0.04579075668688089 	0.02306929355548277 
30051     	0.30416666666666664 	54158.56567300002   	80187.142859        	0.6754021123839231  	0.045905282693890055	0.023114192258636406
30102     	0.30449251247920134 	54220.94755000002   	80249.524736        	0.6756544381835629  	0.04597816718461281 	0.023139456227519548
30153     	0.30481727574750833 	54359.04250200002   	80422.882414        	0.6759151235362487  	0.04602642226111851 	0.02315031347909057 
30179     	0.3053941908713693  	54438.73505200002   	80550.12986300001   	0.6758367136662553  	0.04611967280039217 	0.02318280964706942 
30230     	0.30571665285832644 	54599.60035400002   	80848.730215        	0.6753303386312189  	0.046185500271173206	0.0232072118831995  
30256     	0.30629139072847683 	54813.267408000014  	81228.213821        	0.6748057704283668  	0.04630638351894624 	0.02326081854265775 
30333     	0.3063583815028902  	54900.638925000014  	81403.7705          	0.6744237839081424  	0.04635634329639305 	0.023280559243471003
30384     	0.30667765869744434 	54991.89837300001   	81495.029948        	0.6747883694022692  	0.046452535609283904	0.023320188593353004
30487     	0.3064913722267872  	55205.44600000001   	81867.63444499999   	0.674325652307542   	0.04646842266237992 	0.02331997160198666 
30897     	0.3033252230332522  	55261.80867000001   	81930.14394299999   	0.6744991038761811  	0.04597235841281401 	0.02306189622009368 
30923     	0.3038897893030794  	55438.50455200001   	82182.09236699999   	0.6745813224665621  	0.046057521602685614	0.023091498117903016
31023     	0.3039611964430073  	55508.49788300001   	82252.085698        	0.6748582411248172  	0.04605537295080662 	0.023074330087124846
31047     	0.3045234248788368  	55640.92640000001   	82418.09348699999   	0.6751057206725656  	0.04613503229082336 	0.02309946641306092 
31119     	0.3045930701047542  	56108.44507200001   	83445.23489099999   	0.6723984316814668  	0.04614155885697384 	0.023119820223898628
31142     	0.30515297906602257 	56337.59705200001   	83764.31831399999   	0.6725727396337445  	0.04622793631669836 	0.023189782462741965
31214     	0.30522088353413657 	56675.18650400001   	84167.105302        	0.6733650432748491  	0.046246300748449924	0.023230677470186735
31285     	0.30528846153846156 	56750.63139000001   	84242.550188        	0.6736575669106929  	0.04624453147521522 	0.023263398665407112
31571     	0.30317460317460315 	56780.63758500001   	84275.97967799999   	0.6737463960899222  	0.04587520557431717 	0.02311363511513457 
31642     	0.30324623911322246 	56864.800270000014  	84360.14236299999   	0.674071886049124   	0.04582567801415095 	0.023094096456925436
31714     	0.3033175355450237  	56960.947796000015  	84479.606689        	0.6742567825356228  	0.04578215693451404 	0.023077724431698757
31738     	0.30386740331491713 	57131.047631000016  	84714.50637199999   	0.6743950956891025  	0.045822591981213336	0.023103595832821726
31785     	0.3041765169424744  	57207.47327000002   	84790.93201099998   	0.6746885771060808  	0.045831201252791484	0.023112016601606108
31857     	0.30424528301886794 	57290.36790200002   	84873.82664299998   	0.6750063025080427  	0.04580698127809773 	0.023104103027900065
31904     	0.304552590266876   	57431.26408700002   	85035.28878299998   	0.6753815375820952  	0.04581457135584504 	0.023106131608157898
31928     	0.3050980392156863  	57562.61463400002   	85232.48238199999   	0.6753600625640878  	0.045865019048566866	0.023132841619543307
31952     	0.3056426332288401  	57661.78050900002   	85351.37696099999   	0.6755811395444469  	0.04592493196065074 	0.023160604652075593
31976     	0.30618637431480034 	57788.22698700002   	85588.447387        	0.6751872332220558  	0.04599297769051009 	0.023195968482590718
32020     	0.30672926447574334 	57979.86467100002   	85872.80157699999   	0.6751831034534366  	0.046071910230906676	0.02323759617975468 
32041     	0.30727130570758404 	58036.69694200002   	85929.633848        	0.6753979313429929  	0.04614850853431451 	0.023278759475892745
32083     	0.3075722092115535  	58113.08662700002   	86015.628697        	0.6756107873338936  	0.046195055596076055	0.023302314400794878
32250     	0.3064391000775795  	58163.671749000016  	86066.213819        	0.6758014459811149  	0.04602501508392437 	0.02321641586023817 
32395     	0.3055555555555556  	58299.56911000002   	86220.316735        	0.6761697395427693  	0.045893673683337806	0.023149811815824477
32645     	0.30351681957186544 	58356.40176400002   	86291.005283        	0.6762744456692137  	0.04557777409264259 	0.022988687764631612
32687     	0.30381679389312977 	58448.461467000016  	86383.06498600001   	0.6766194447542777  	0.045617889017645505	0.023006089780145435
32812     	0.30319148936170215 	58571.33720100002   	86505.94072000001   	0.6770787845725194  	0.04551637611068898 	0.02295100526149188 
32854     	0.30349013657056145 	58617.12868600002   	86557.07475700001   	0.6772078290603225  	0.04555745823999606 	0.022966400315099597
32895     	0.3037878787878788  	58689.28177900002   	86632.65147900001   	0.6774499080548916  	0.0456042140162458  	0.022982046534984164
32916     	0.30431491294473884 	58760.25796200002   	86707.89267900001   	0.6776806141458828  	0.04568598001390937 	0.023013965551208836
32937     	0.3048411497730711  	58939.48969000002   	87115.04335         	0.6765707439666907  	0.045769324848530975	0.023056046630728452
33023     	0.3049056603773585  	59079.431226000015  	87323.20103000001   	0.6765605306395398  	0.04578956199064371 	0.023054625383853642
33116     	0.3047404063205418  	59257.350567000016  	87586.42884400001   	0.6765585873188545  	0.045770204573633975	0.023034151533063162
33279     	0.30389221556886226 	59357.10386400002   	87717.929426        	0.6766815433562469  	0.045620415301199355	0.022947442185421312
33348     	0.3039581777445855  	59624.26830300002   	88036.070924        	0.6772708922286254  	0.045621994709687023	0.02293651414474684 
33372     	0.3044776119402985  	59688.48154400002   	88157.367394        	0.6770674228194162  	0.04569565380684013 	0.02296285079766873 
33651     	0.3025147928994083  	59719.893570000015  	88188.77942         	0.6771824484108503  	0.045366880060231186	0.022792994490106615
33744     	0.3023598820058997  	59794.38092200001   	88300.738089        	0.6771673965140824  	0.04531514958310941 	0.02276151554352896 
33767     	0.30287398673544585 	59839.93319400001   	88353.755384        	0.6772766243373107  	0.04536691569437441 	0.022781060637697262
34068     	0.30116959064327486 	59936.357204000014  	88519.500858        	0.6770977764566013  	0.04505597369430014 	0.022618874143016707
34241     	0.3008011653313911  	60222.49575100002   	89003.046899        	0.6766340911827442  	0.04495290028851515 	0.022568859338420122
34275     	0.30131004366812225 	60378.25527800002   	89208.143476        	0.6768244795302102  	0.04497990153478234 	0.02258628994022018 
34310     	0.3018181818181818  	60474.46639200002   	89312.326305        	0.6771122071715028  	0.04501437201293963 	0.022604815373865238
34344     	0.3023255813953488  	60520.44738100002   	89358.307294        	0.6772783551268511  	0.04505099412791351 	0.022624565778965003
34379     	0.3028322440087146  	60649.52247000002   	89536.369463        	0.6773730366079096  	0.04509500090310081 	0.022649317656313887
34448     	0.30311820159535896 	60867.14230100002   	89799.05843199999   	0.677814927726569   	0.045109707396404596	0.022656536001927623
34517     	0.30340333091962346 	61049.354568000024  	90006.316547        	0.6782785576623496  	0.04513808938419119 	0.022666111543763415
34586     	0.3036876355748373  	61182.60120000003   	90336.060915        	0.6772777181149024  	0.04517797427851461 	0.022684477032479847
34689     	0.3037518037518038  	61264.83742400003   	90451.428334        	0.6773230511935547  	0.04518304156880206 	0.022688266228455396
34862     	0.3033788641265277  	61327.020943000025  	90513.611853        	0.6775447326375519  	0.045105300127817174	0.02265411842193029 
35031     	0.3032258064516129  	61413.339078000026  	90599.92998799999   	0.6778519485184399  	0.04504101325164168 	0.02262534750271031 
35093     	0.3035075161059413  	61525.45728900003   	90712.04819899998   	0.67825011683154    	0.045048103986055604	0.022630889014010856
35125     	0.3040057224606581  	61630.90653100003   	90859.83773399999   	0.6783074686026825  	0.04509482581230378 	0.02265633382674167 
35187     	0.30428571428571427 	61733.81751200003   	91009.94772999999   	0.6783194480579892  	0.045118567074781527	0.022668509855093194
35312     	0.3041310541310541  	61913.79049000003   	91189.92070799999   	0.6789543187372067  	0.04507185805008554 	0.02264459120837252 
35375     	0.30440967283072545 	62037.72782800003   	91323.43525999998   	0.679318815059652   	0.04509362204109246 	0.022656835045723897
35406     	0.3049040511727079  	62218.69649600003   	91589.13847299998   	0.679323962789996   	0.04515693419924572 	0.02269152958599552 
35531     	0.30474840538625086 	62524.60291600003   	92145.43987999999   	0.6785425626859576  	0.04512932859620059 	0.022683801604356537
35687     	0.3043785310734463  	62624.224847000034  	92251.90550699999   	0.678839363835668   	0.045077059043681506	0.022658659504616246
36314     	0.3008356545961003  	62699.875749000035  	92327.55640899998   	0.679102514868336   	0.04451680570548308 	0.022375382707771754
36342     	0.3013221990257481  	62965.402574000036  	92741.80628199998   	0.6789322431627131  	0.04456044714694605 	0.022403405623991346
36428     	0.3013888888888889  	63064.05754700003   	92867.68258299997   	0.6790743108146031  	0.04454720063422872 	0.02240238177286076 
36457     	0.3018736988202637  	63152.981751000036  	92956.60678699997   	0.6793813149366379  	0.044604132948034864	0.022433048424315986
36542     	0.30193905817174516 	63212.904442000035  	93036.26932299997   	0.6794436718280239  	0.044587957634174155	0.02241999890542509 
36600     	0.30221300138312585 	63357.13641600004   	93201.59324399997   	0.679785980161651   	0.044613319416524536	0.022424314573247603
36628     	0.30269523151347616 	63622.54667200004   	93511.89110099997   	0.6803685170186842  	0.044670058889952874	0.022447213303507848
36657     	0.3031767955801105  	63705.48950800004   	93610.61968399998   	0.6805369916687845  	0.04473401742004088 	0.022471415783660107
36914     	0.30199039121482496 	63781.767540000044  	93686.89771599998   	0.6807970921755402  	0.04454187273072863 	0.02236703121640726 
37135     	0.3012295081967213  	63920.988609000044  	93826.11878499998   	0.681270731825466   	0.04440206761187706 	0.022283083898129934
37270     	0.3008849557522124  	64081.23731900004   	94007.19916499998   	0.6816630841913037  	0.04432097527955572 	0.02222688763999217 
37297     	0.3013605442176871  	64311.771219000046  	94412.36337499999   	0.6811795502201097  	0.04437151175299919 	0.0222421400440523  
37351     	0.3016304347826087  	64398.028349000044  	94498.62050499998   	0.6814705654416691  	0.0443887530553746  	0.022237243682928298
37405     	0.3018995929443691  	64638.08386300004   	94784.84208299998   	0.6819453663951731  	0.044402745451654964	0.02223423092495351 
37432     	0.3023728813559322  	64851.27182900004   	95408.53827299998   	0.6797218886577633  	0.044456816660392154	0.02226365854495208 
37486     	0.3026404874746107  	64894.89058600004   	95477.67941999999   	0.6796865087234862  	0.04448391244794548 	0.02227901803971402 
37513     	0.30311231393775373 	65023.05846200004   	95650.18077499999   	0.6798006855309056  	0.044549517907620975	0.022314189399554374
37567     	0.3033783783783784  	65130.062234000034  	95798.11685399999   	0.6798678760383229  	0.044593175166107814	0.022336070762592315
37621     	0.30364372469635625 	65333.68376500003   	96132.164849        	0.6796235564612864  	0.044642185676558394	0.022352784224346313
37837     	0.30268456375838926 	65404.68555100003   	96353.0609          	0.6788023643470992  	0.044489454522971206	0.0222763485759192  
37891     	0.30294906166219837 	65612.01862900003   	96684.34955         	0.6786208826390148  	0.04452446153270529 	0.022294847396319206
38024     	0.30280748663101603 	65696.41039400002   	96874.68635         	0.6781586900487551  	0.04449584359989661 	0.022284242189591005
38048     	0.3032732130928524  	65821.10531400001   	97021.784197        	0.6784157378548318  	0.04455206135969736 	0.022314021454807553
38073     	0.3037383177570093  	65989.88367400001   	97226.949661        	0.6787200863966845  	0.04461887901391702 	0.022347605555421795
38146     	0.3037974683544304  	66250.03162700002   	97517.08941900001   	0.6793684268235759  	0.044616092879393235	0.02235113927452402 
38243     	0.3036544850498339  	66528.20817700002   	98382.218355        	0.6762218751455802  	0.04458730230914662 	0.022348148704447866
38268     	0.3041168658698539  	66741.33010500002   	98639.37259         	0.6766195724136855  	0.044654463317049295	0.022396453140165477
38292     	0.3045786330457863  	66801.23255600002   	98699.275041        	0.6768158380925348  	0.04472603064022858 	0.02244473858348326 
38317     	0.3050397877984085  	66869.72986600002   	98772.710814        	0.6770061215786936  	0.04480208332414028 	0.022493385189919154
38341     	0.3055003313452618  	67107.63647700002   	99067.62291600001   	0.6773922145472387  	0.044891656737041895	0.02254732051462876 
38390     	0.3057577763070814  	67209.29684000002   	99169.28327900001   	0.677722926068905   	0.04494593517475053 	0.02258394368917697 
38439     	0.30601454064771977 	67374.93096600003   	99565.14735700001   	0.676691922369391   	0.04500042082069143 	0.022628603521428634
38463     	0.30647291941875826 	67480.19854500004   	99697.36467400001   	0.6768503737852375  	0.04508332473295132 	0.022687525713067175
38512     	0.30672823218997364 	67713.96115000003   	100190.17209700002  	0.6758543251571836  	0.045122652181895574	0.022736367656495535
38756     	0.3053735255570118  	67748.71653600004   	100224.92748300002  	0.6759667304073775  	0.044927056633853504	0.022666196590635478
38829     	0.3054283845650752  	67911.09133300003   	100387.31264600002  	0.6764907789939327  	0.04493210940126823 	0.0226917510630574  
39078     	0.30429128738621586 	67988.69744700003   	100529.48424500001  	0.6763060405373715  	0.044735357338680524	0.02260292542031157 
39105     	0.3047433398310591  	68241.28943600002   	100813.44464900001  	0.6769066335704949  	0.044760884119228864	0.02262157293479471 
39131     	0.3051948051948052  	68320.21356100003   	100892.36877400002  	0.67715937678139    	0.04479175066774556 	0.022641076685516962
39157     	0.3056456846203764  	68485.13287000003   	101080.26966900002  	0.6775321543389542  	0.04483436305061547 	0.02266332212246452 
39289     	0.3053040103492885  	68635.21935200003   	101319.30983800002  	0.677414990900957   	0.04476664856491443 	0.02262570912858857 
39315     	0.30575307045895284 	68806.69200400003   	101538.88603600001  	0.6776388306998465  	0.044816669229906715	0.022645020384533393
39552     	0.3046272493573265  	68974.07134000002   	101706.26537200001  	0.6781693447077328  	0.04461775262736449 	0.022537963404071777
39578     	0.3050738599871548  	69128.16925500003   	101886.41196400001  	0.6784827134694409  	0.04465884291460967 	0.022550257008555997
39605     	0.3055198973042362  	69282.04929200003   	102083.03383300001  	0.6786832903628249  	0.044706503087494576	0.02256161994676551 
39631     	0.30596536241180244 	69406.33814700003   	102237.10080000001  	0.6788762357686108  	0.044758387174172236	0.022577873633955085
39710     	0.3060179257362356  	69502.88009500003   	102333.64274800001  	0.6791791851498258  	0.044759231815739826	0.022565426421184094
39763     	0.3062659846547315  	69589.70962700003   	102493.33982800001  	0.678968113867521   	0.044792293200840695	0.022570830726779775
39815     	0.3065134099616858  	69698.03540400004   	102614.60046600002  	0.6792214274331609  	0.044832784140465765	0.02257712529588473 
39842     	0.30695596681557114 	69794.03378400004   	102710.59884600002  	0.6795212428723768  	0.0448969328658592  	0.02259801043416215 
39868     	0.30739795918367346 	70030.11039000005   	103048.12503600003  	0.6795864589048555  	0.044974625539040886	0.02262423200061169 
39894     	0.3078393881453155  	70219.28778900004   	103542.90255900002  	0.6781661133073629  	0.045064461500042854	0.022662229357862513
39947     	0.30808402291534054 	70296.37842300003   	103674.56230200002  	0.6780484707350813  	0.04513041999281714 	0.022687850952452203
40090     	0.30774111675126903 	70386.52406800003   	103764.70794700002  	0.6783281662966893  	0.04510771678269641 	0.022671282175264377
40136     	0.30798479087452474 	70429.78535100003   	103819.18585000002  	0.6783889198741969  	0.04516911137666051 	0.02269727957493337 
40159     	0.3084230525649145  	70540.15320600003   	103982.63986000002  	0.6783839427521149  	0.04526528761429883 	0.022739377004317773
40227     	0.3084702907711757  	70671.75526000003   	104179.99579000003  	0.6783620475705916  	0.04531178029912935 	0.022755873487672034
40250     	0.30890713834491473 	70743.16116000003   	104251.40169000003  	0.6785823500998149  	0.045420493107049244	0.022801459826970603
40477     	0.3075957313245449  	70788.91080200003   	104318.86562800003  	0.6785820606450279  	0.04525059598690597 	0.022710587928215075
40500     	0.308030112923463   	70921.35588800003   	104578.10444500003  	0.6781663930932996  	0.04534540566991979 	0.022753146519350235
40522     	0.3084639498432602  	71036.82170600003   	104803.99828900004  	0.6778064087795005  	0.045446445807078274	0.022799391323779363
40590     	0.30851063829787234 	71244.40264900003   	105011.57923200003  	0.6784433028247404  	0.045502548545228595	0.02281993905892937 
40636     	0.30875             	71404.16853200003   	105388.74265900004  	0.6775312688095935  	0.04558174910811097 	0.022858257160037324
41281     	0.30480295566502463 	71454.01189300003   	105438.58602000005  	0.6776837075512975  	0.04497200668307879 	0.022551759465556796
41406     	0.3046683046683047  	71681.20714300004   	105873.92550200004  	0.6770430661102287  	0.044932552258741716	0.022532991594811206
41437     	0.3050951503990178  	71835.93592500004   	106035.70915400004  	0.6774692836794229  	0.04497860677350299 	0.022550023000623507
41500     	0.30533415082771304 	72022.70461600005   	106262.53851100004  	0.6777807647475355  	0.045010501068579886	0.022556380864005108
41562     	0.30557256582976117 	72188.44848400005   	106467.21318100003  	0.6780345453513071  	0.0450274524866509  	0.022558469596618044
41625     	0.3058103975535168  	72245.95344500005   	106524.71814200003  	0.6782083511236748  	0.045038447515586826	0.02255685000553496 
41687     	0.30604764813683566 	72488.57372600005   	106854.58725300003  	0.6783852297736976  	0.04505418886501157 	0.02255118225261976 
41718     	0.3064713064713065  	72655.92572200004   	107046.45597500003  	0.678732659201425   	0.04509675049349068 	0.022557073644176553
41750     	0.3068944478340451  	73195.64381200004   	108028.50808600003  	0.6775585917906963  	0.045162612173759616	0.022581965319282794
41781     	0.3073170731707317  	73244.00134900004   	108117.99271600004  	0.6774450718983881  	0.04523099373502496 	0.022608675193403226
41875     	0.30736457699330494 	73502.35526800004   	108485.20047500003  	0.677533478724947   	0.04526089957628848 	0.022612042962829964
41906     	0.3077858880778589  	73716.14594800005   	108961.91478600004  	0.6765313008015481  	0.0453567378034628  	0.02265113931753091 
41937     	0.3082066869300912  	73794.05187400006   	109059.58302000003  	0.6766397764464883  	0.04545681643951984 	0.02269161655213943 
41968     	0.3086269744835966  	73890.01092000006   	109239.87425800004  	0.6764014644093095  	0.0455603511925754  	0.022734486485997043
42031     	0.30904675166970247 	74002.56474100005   	109384.36926000004  	0.676536924257436   	0.04566092282064286 	0.02277670820520903 
42062     	0.3094660194174757  	74239.95305100005   	109764.07508500003  	0.6763593005590353  	0.045770462337620936	0.022825274756365563
42125     	0.3096969696969697  	74360.68706500005   	109946.37995600003  	0.6763359293389997  	0.045858861234789106	0.022862247861581638
42156     	0.31011508176862507 	74419.29946600005   	110009.12766200003  	0.6764829523478386  	0.04597930298623939 	0.022913281429134187
42187     	0.31053268765133174 	74549.42273600005   	110191.79384900002  	0.6765424187408905  	0.04609062499778974 	0.02296316253939583 
42218     	0.31094978826376285 	74691.41514900005   	110333.78626200002  	0.6769586876284374  	0.04620719082823743 	0.023015863614532166
42312     	0.3109903381642512  	74820.64795400006   	110558.09866900003  	0.6767541125865926  	0.04627232232156406 	0.023043673733950904
42375     	0.3112183353437877  	74979.93373700006   	110855.03241700002  	0.6763782581827256  	0.04637436015657006 	0.02309096286085449 
42406     	0.3116335141651597  	75079.48270800005   	111003.65820200002  	0.6763694451526401  	0.04650910105890764 	0.023155330950015027
42468     	0.3118603251053582  	75178.02861600005   	111131.30560800002  	0.6764793071106348  	0.04660710817433278 	0.023200046899518278
42718     	0.310964649490713   	75304.55618500005   	111272.01021300003  	0.6767609935405133  	0.04650191963176632 	0.023150052780645334
42843     	0.31081888822474596 	75538.28733800005   	111690.85494400004  	0.6763157769351279  	0.0465113637679139  	0.023162001462293965
42906     	0.311044776119403   	75668.57017800005   	111928.88550400003  	0.676041486853685   	0.046582505412858605	0.02320599429155141 
43052     	0.31089934484812387 	75736.95726500005   	112019.91823900004  	0.6761025936781305  	0.04659318034553889 	0.02322087277024834 
43289     	0.30983412322274884 	75808.43971700004   	112091.40069100003  	0.676309148156508   	0.04642743972030039 	0.023140841290914996
43315     	0.310242747187685   	75867.08516300004   	112152.35675400004  	0.6764644752799112  	0.04648072413927877 	0.023168431616491732
43368     	0.31046717918391487 	76004.70647100004   	112334.24518600004  	0.6765942686947642  	0.04650437738281014 	0.02317579803950431 
43500     	0.31014150943396224 	76127.80939800004   	112486.40624600004  	0.6767734159051517  	0.04645185507436998 	0.023144466229457157
43631     	0.3098177542621987  	76244.68055000005   	112603.27739800005  	0.6771088933807022  	0.04638023892047769 	0.023104686731397296
43736     	0.3096774193548387  	76406.16961800004   	112967.51128000005  	0.6763552525169872  	0.04633512239307556 	0.0230777974018972  
43815     	0.30971896955503514 	76544.48080200005   	113120.94780000005  	0.6766605327364488  	0.046326214392444484	0.023066395067108968
43868     	0.30994152046783624 	76615.95442000005   	113206.82742800005  	0.6767785668115122  	0.04634884089935984 	0.023069369883697316
43973     	0.3098016336056009  	76650.14345900006   	113253.24204200004  	0.6768030837525543  	0.046310727509760036	0.023040349671162547
44031     	0.31020408163265306 	76701.93729300005   	113305.03587600004  	0.6769508230591086  	0.046358292884289116	0.023052015838926698
44062     	0.3106060606060606  	76768.29771300005   	113371.39629600004  	0.6771399155441873  	0.046399638048768295	0.02305741671748325 
44093     	0.3110075713453698  	77019.10764800005   	113665.77804400004  	0.6775927545948434  	0.04643538080578642 	0.02306579476792102 
44125     	0.31140861466821884 	77307.41235100005   	114407.26369500003  	0.6757211898459087  	0.04647854924808254 	0.02309230902919077 
44156     	0.31180919139034324 	77439.90380100005   	114564.15990800003  	0.6759522686954422  	0.046528420666324774	0.023120748677074688
44187     	0.3122093023255814  	77519.68232700005   	114643.93843400003  	0.6761777673193577  	0.04658122476071977 	0.0231505475509636  
44218     	0.3126089482858803  	77622.39274900005   	114769.44299300002  	0.6763332706401161  	0.0466390682882267  	0.023182005941901878
44406     	0.31210191082802546 	77818.65010300005   	114984.70457200002  	0.6767739273902497  	0.04655550774539275 	0.023128682384667386
44437     	0.3125              	77969.35778500004   	115164.61965000002  	0.6770252706252916  	0.046612525262767025	0.023145450852460277
44468     	0.31289762868710236 	78156.68319300005   	115494.36549600003  	0.676714252313087   	0.0466690761933457  	0.0231663044469482  
44500     	0.3132947976878613  	78419.11492100004   	115924.62855900003  	0.6764663893754769  	0.04673426996769417 	0.023196571804941554
44531     	0.31369150779896016 	78695.70215600004   	116436.56409400003  	0.6758676088420856  	0.04681505335140734 	0.02323707068142982 
44562     	0.3140877598152425  	78824.50646700004   	116586.72869300003  	0.6761018801253383  	0.04690484609708157 	0.023278609661708104
44593     	0.31448355452971727 	78949.35569100005   	116785.91903600002  	0.6760177626094066  	0.047000717436298155	0.023322727917840753
44625     	0.314878892733564   	79199.52831700005   	117060.26639100003  	0.6765705457431725  	0.04710944752042595 	0.023370890625592843
44687     	0.3150921658986175  	79360.53270500005   	117221.27077900003  	0.6770147787820889  	0.04720102969223206 	0.023406873085284424
44718     	0.3154864709268854  	79480.35945800005   	117388.66737500003  	0.6770701229966154  	0.047324568355927514	0.02345868075908874 
44750     	0.3158803222094361  	79608.30254000005   	117635.44959500003  	0.6767373509777763  	0.04745380462851058 	0.023514238271240457
44781     	0.3162737205290397  	79652.35041300005   	117698.33391000003  	0.6767500249740793  	0.047581461898677305	0.02356834131243083 
44906     	0.31612162937464144 	79835.85854600005   	117966.57011100004  	0.6767668032636611  	0.04760486627246015 	0.02357416872685417 
44937     	0.3165137614678899  	79888.88274600005   	118074.48940600004  	0.676597317065683   	0.04770367821452438 	0.023613334822484268
45055     	0.31654264453348596 	80071.06764800004   	118342.78511500004  	0.676602866581099   	0.047747586102949456	0.023627442580695966
45388     	0.31495167708925526 	80224.05906700004   	118573.14639000004  	0.6765786479438973  	0.04752253473565689 	0.023511068951707174
45527     	0.31462585034013607 	80537.55591800004   	119024.83571200004  	0.676644966037792   	0.047497211380447886	0.02349428969692447 
45722     	0.31394692264257484 	80729.72954700004   	119226.96785900004  	0.6771096421949812  	0.047391845463387886	0.023431765617229802
45805     	0.31397970687711385 	80897.59847200004   	119421.84051700003  	0.6774104143913612  	0.04740152343621729 	0.02342497109341108 
45833     	0.3143661971830986  	81084.90743600004   	119818.97260100003  	0.6767284485572637  	0.04747222303704712 	0.023453142892000685
45916     	0.3143982002249719  	81211.88392700003   	119990.00997800003  	0.676822044950993   	0.047497071855639776	0.02345642961630123 
46023     	0.31443009545199324 	81363.67548200004   	120177.17826700002  	0.6770310025189037  	0.04751143048132174 	0.023458631496109977
46071     	0.3146382501402131  	81455.28880000004   	120268.79158500003  	0.6772770203019083  	0.04755590330548859 	0.02347556800962147 
46214     	0.3141419787590833  	81668.48712200004   	120499.48289700002  	0.6777496895302716  	0.047505236988451764	0.023442730258456234
46333     	0.31382385730211815 	81782.80405600004   	120641.03928900002  	0.6779020185667196  	0.047471912109112446	0.023417052461411212
46357     	0.31420612813370474 	81889.47737000004   	120759.96581500002  	0.6781177587897947  	0.047552168225922654	0.02344515371214258 
46404     	0.3144129104062326  	81990.10943000004   	120860.59787500002  	0.6783857673350105  	0.04761010355370743 	0.023461710972465927
46428     	0.3147942157953281  	82129.40870100004   	121151.72875600003  	0.677905379843229   	0.04770288476519319 	0.023496003846895805
46452     	0.3151750972762646  	82215.96248000003   	121266.69942600002  	0.677976417839015   	0.04779015438444098 	0.023530504830704388
46547     	0.31503050471436495 	82351.79396100003   	121442.57156100002  	0.6781130611981081  	0.047796083566044006	0.023520627388400453
46595     	0.3152354570637119  	82455.22094500004   	121671.53239900002  	0.677687042475991   	0.047851813829387614	0.02354013181725628 
46690     	0.3150912106135987  	82524.54493100004   	121755.09469000001  	0.6777913083728885  	0.04784780719485805 	0.023531878053144887
46738     	0.3152954168967421  	82578.41482800004   	121808.96458700001  	0.6779338048557156  	0.04789341575707534 	0.02354898454203879 
46761     	0.31567328918322296 	82628.31397500004   	121867.31335000001  	0.6780186721413436  	0.04796865254129211 	0.023579800274331746
46857     	0.31552863436123346 	82783.85393800004   	122037.40348100002  	0.6783482078171931  	0.047963003270069686	0.02356928272025062 
46904     	0.31573157315731576 	82870.51654400004   	122133.24935800002  	0.6785254382374445  	0.04800747517428432 	0.023582826890604498
46952     	0.3159340659340659  	83053.55415400004   	122532.06992500002  	0.6778107495028513  	0.04803866995476926 	0.023595920513212208
47055     	0.31596269884805267 	83310.28003800004   	123239.27697100001  	0.676004290885317   	0.04803648320268712 	0.023603067598431934
47250     	0.3153005464480874  	83412.26779500004   	123349.54203800001  	0.676226813791521   	0.047929222665310814	0.02355777015426726 
47333     	0.3153300600109111  	83485.77367500003   	123423.04791800001  	0.6764196402803667  	0.04792015009817514 	0.023562736697900363
47361     	0.31570338058887676 	83612.10696400004   	123562.37487200001  	0.6766793455581845  	0.04797048387128697 	0.023593912896518632
47388     	0.31607629427792916 	83717.08277900003   	123761.80415200001  	0.676437155652495   	0.04802655108346558 	0.023628362619649883
47472     	0.31610446137105547 	83877.28078900003   	124118.53742400001  	0.6757836704316595  	0.0480290991033163  	0.023638006999299816
47555     	0.3161325366648561  	83958.48992800002   	124229.61595500002  	0.675833127894499   	0.048036517541151694	0.023648388118776162
47750     	0.31547619047619047 	84087.90016500003   	124359.02619200002  	0.6761704617658817  	0.047935428024185156	0.023605700998455863
47861     	0.31533477321814257 	84400.03964300003   	124833.36389300002  	0.6761016206800522  	0.047913961941208914	0.02361155805540232 
47916     	0.3155339805825243  	84456.84747600002   	124891.59608100001  	0.6762412374105979  	0.0479338240141304  	0.02363625709239634 
47944     	0.3159029649595687  	84693.78456000003   	125157.34596100001  	0.6766984703110536  	0.0479795462648762  	0.023674018687252454
47972     	0.31627155172413796 	84809.09616100002   	125279.19407400001  	0.6769607418683179  	0.04803038899525451 	0.02371284541882774 
48176     	0.3157894736842105  	84865.51503000002   	125335.61294300001  	0.6771061555233712  	0.0479386084711791  	0.02367711175612344 
48235     	0.3159871244635193  	84933.90339200002   	125404.00130500001  	0.6772822438530405  	0.047951637539255555	0.02369408813165322 
48294     	0.3161843515541265  	84995.37775900002   	125468.55743500001  	0.677423726681743   	0.047959668161488465	0.023706437922036843
48382     	0.3162118780096308  	85151.60544100002   	125761.50952800001  	0.6770879719922697  	0.047948774622409276	0.02371052166049989 
48411     	0.3165775401069519  	85231.22017300002   	125841.12426000001  	0.6772922657374232  	0.04797925025996027 	0.02373606818994198 
48441     	0.3169428113308391  	85356.39863300002   	125986.39691800001  	0.677504879265302   	0.04801724617407583 	0.023763247209108575
48529     	0.31696905016008536 	85616.63783600002   	126380.11548000001  	0.6774533913885297  	0.04801364039221943 	0.02376829259315837 
48647     	0.3168264110756124  	85799.06660000002   	126607.571668       	0.6776772152694694  	0.04798299996107983 	0.023748164794380754
48764     	0.31668437832093516 	85868.78297500002   	126677.28804300001  	0.6778546044169518  	0.04794828263941278 	0.023728139652285023
49314     	0.3132214060860441  	86100.89290700003   	126966.62132300001  	0.6781380177705244  	0.04739084191616173 	0.023444823258652905
49462     	0.3124346917450366  	86206.14496700003   	127106.75270800001  	0.6782184512654478  	0.047243740433687086	0.023364437778448172
49481     	0.3127937336814621  	86268.96101000003   	127184.99519300001  	0.6782951155447942  	0.04727363232455119 	0.023370628108972863
49518     	0.3129890453834116  	86371.44295300003   	127325.760011       	0.678350107201702   	0.04728254692634883 	0.023366910588059724
49555     	0.3131839499739448  	86447.27352900003   	127418.58463900001  	0.6784510577787444  	0.04728459109506215 	0.02335888066818021 
49574     	0.31354166666666666 	86497.07285700002   	127492.48990500001  	0.6784483770099133  	0.047313388444932276	0.023363859499495692
49685     	0.3130841121495327  	86617.80120800002   	127613.21825600001  	0.6787525805848682  	0.04722433015461545 	0.023308957091239556
49740     	0.3131156039398652  	86747.32021900002   	127800.308021       	0.6787723876592363  	0.047211740747314865	0.02329357759461521 
49814     	0.3129849974133471  	86958.96292400002   	128175.17334200001  	0.6784384265428226  	0.0471854358511222  	0.023271196275570002
49833     	0.3133402275077559  	87070.76322700002   	128286.973645       	0.6787186629559533  	0.047236756689410075	0.0232870281061128  
49944     	0.31288659793814433 	87115.70410300001   	128331.914521       	0.6788311732756435  	0.04715619187305084 	0.02323804730397779 
50021     	0.3129181677817808  	87371.34296100002   	128748.523848       	0.6786201530679318  	0.04714433529824701 	0.023229128380743345
50152     	0.3124679322729605  	87474.55001100001   	128895.86753599999  	0.678645108514195   	0.04706203979263911 	0.023187801480699804
50173     	0.3128205128205128  	87539.13099100001   	128975.707617       	0.6787257275684191  	0.047094621271251066	0.02320200173056822 
50239     	0.3128520225294419  	87622.76223900002   	129059.338865       	0.6789339152795142  	0.047073086635022424	0.02319088592896854 
50326     	0.3127235564639755  	87684.17152800002   	129120.748154       	0.6790866129695956  	0.04702866755166003 	0.023169246253505985
50369     	0.3129147524247065  	87851.14225900001   	129372.616632       	0.6790551551484215  	0.04703537634157139 	0.0231746545034579  
50739     	0.3107287449392713  	87933.91118100002   	129466.53927000001  	0.6792018360637223  	0.046673406237942576	0.022996343309389548
50760     	0.3110773899848255  	88159.92082100002   	129720.489543       	0.6796144628468781  	0.0467005960746381  	0.023010794253628095
50826     	0.3111111111111111  	88228.50266700002   	129805.515849       	0.6796976391175423  	0.046665785033229615	0.022991120335484377
50891     	0.3111447302067574  	88317.36182000002   	129894.375002       	0.6799167540445088  	0.046633462099484255	0.022970872710657994
50913     	0.31149193548387094 	88679.32715000003   	130354.195869       	0.6802951493722433  	0.04665944290924991 	0.02297899019205855 
51026     	0.3113682092555332  	88880.11355600003   	130599.422556       	0.6805551802335797  	0.04661669640168718 	0.022954966343163734
51078     	0.31155778894472363 	88938.75307700003   	130658.06207700001  	0.6806985475154701  	0.04662337345959229 	0.022954404516306377
51184     	0.3114343029087262  	89005.45026700004   	130732.969257       	0.6808187006907923  	0.046585717385873526	0.022929946502431936
51236     	0.31162324649298595 	89065.54841600003   	130793.067406       	0.6809653614096235  	0.04658983608360489 	0.022927547483880255
51315     	0.31165582791395696 	89140.06959600003   	130867.588586       	0.6811470323488187  	0.046573366956441015	0.022914606511038455
51342     	0.312               	89220.07406900002   	130956.712181       	0.6812943955532859  	0.04660622744785109 	0.022924646592313067
