21        	1.0                 	123.203715          	285.41703900000005  	0.4316620879806688  	0.010523277586874458	0.01023677143200896 
43        	1.0                 	349.522089          	563.108058          	0.6207016291711457  	0.017547751201135397	0.015306451472746577
86        	0.75                	525.410721          	905.492156          	0.58024878240911    	0.01931763304081395 	0.015996170625999367
130       	0.6666666666666666  	644.437772          	1052.720128         	0.6121643871522897  	0.0220107708416786  	0.016816960594486816
152       	0.7142857142857143  	755.000396          	1163.2827519999998  	0.6490256944856689  	0.028085412630927144	0.02001309189718484 
173       	0.75                	1259.965535         	1790.4942119999996  	0.7036970723254147  	0.03685399114993044 	0.0249927936066392  
195       	0.7777777777777778  	1414.490916         	1953.6476389999996  	0.7240256061343927  	0.04515885364653739 	0.029168314863672804
217       	0.8                 	1580.315431         	2173.8605969999994  	0.7269626365098518  	0.05301829980520102 	0.03311097391533077 
239       	0.8181818181818182  	2221.574329         	3620.1366339999995  	0.6136714034865901  	0.06308356479356517 	0.040821821034124864
260       	0.8333333333333334  	2485.963783         	3997.7940699999995  	0.6218338762506596  	0.07280642099038198 	0.0483408269477772  
282       	0.8461538461538461  	2657.788571         	4194.206555999999   	0.6336808966162897  	0.08235023303206182 	0.05509392781190743 
304       	0.8571428571428571  	2771.2115360000003  	4446.868111999999   	0.6231827583376731  	0.0910122564476065  	0.06138258499920206 
413       	0.6842105263157895  	2823.395899         	4501.663842999999   	0.627189412063792   	0.0781233078604059  	0.052769613842024526
521       	0.5833333333333334  	2919.3207700000003  	4597.5887139999995  	0.6349677954251217  	0.07072695753572189 	0.047661075466012726
543       	0.6                 	3101.3323010000004  	4908.029997         	0.6318894348436478  	0.0770341283734282  	0.05180920597288248 
956       	0.36363636363636365 	3177.0772710000006  	4983.774966999999   	0.6374840942933773  	0.048280910861843426	0.03253245166203074 
978       	0.37777777777777777 	3278.1359560000005  	5084.833651999999   	0.6446889279673138  	0.05171207504448982 	0.03487546586850767 
1224      	0.32142857142857145 	3337.7039450000007  	5227.887266999999   	0.6384422185360794  	0.04421261599220722 	0.030014338268364832
1306      	0.31666666666666665 	3393.2961460000006  	5283.4794679999995  	0.6422464905091216  	0.043808169274975765	0.0298953385326118  
1367      	0.31746031746031744 	3475.5065460000005  	5365.6898679999995  	0.6477278097504835  	0.04417648674925739 	0.030251869984414034
1428      	0.3181818181818182  	3564.4046090000006  	5454.587930999999   	0.6534690895241526  	0.04461351283446759 	0.030594642895386815
1469      	0.3235294117647059  	3746.5204400000007  	5788.153885999999   	0.6472738136872682  	0.04587668895999678 	0.03148456520186942 
1510      	0.32857142857142857 	3892.6552660000007  	5943.887003999999   	0.6549006169498846  	0.0466998956820481  	0.03201831722457562 
1612      	0.32                	4177.492129         	6344.783450999999   	0.6584136655352023  	0.045501106897253306	0.03126936388620219 
1693      	0.31645569620253167 	4242.082991         	6440.785069         	0.6586282488166662  	0.04505878540956632 	0.03104845776504311 
1734      	0.32098765432098764 	4507.907572         	6915.621918         	0.6518441328128141  	0.0459798513010669  	0.03179272426702512 
1755      	0.32926829268292684 	4571.393136         	7032.9144049999995  	0.6499998254990849  	0.047487249565458606	0.03294385459595209 
1775      	0.3373493975903614  	4709.251211999999   	7293.071325999999   	0.6457157761794252  	0.04890253141230293 	0.034019804436403685
1938      	0.31868131868131866 	4824.438272999999   	7445.509086999999   	0.647966205752614   	0.04650336029482117 	0.03241643173041123 
1979      	0.3225806451612903  	5069.271988999999   	7865.432406999999   	0.6445001020526855  	0.04748084537302781 	0.03308234720113826 
2025      	0.32978723404255317 	5175.673364999999   	8127.706031         	0.6367938684370952  	0.049039433693143265	0.034191466715021934
2100      	0.32989690721649484 	5293.478961999998   	8245.511628         	0.641983081319596   	0.049210251100844773	0.03438880447265798 
2175      	0.33                	5568.057713999999   	8799.456741         	0.6327728947238652  	0.049537721265620144	0.034761541757088045
2350      	0.3177570093457944  	5661.688925999999   	8964.657633         	0.6315566257833015  	0.04805510922728995 	0.03383744743666326 
2425      	0.3181818181818182  	5735.524454999999   	9176.456782000001   	0.6250260412330898  	0.04847018167800553 	0.03427307745566091 
2675      	0.3                 	5900.231157999999   	9389.897043         	0.6283595156560864  	0.045655387614078856	0.032346681370341406
2725      	0.30327868852459017 	6054.052310999999   	9702.834661         	0.623946766333546   	0.04621019831749886 	0.03282497514701613 
2800      	0.304               	6129.428630999999   	9828.124366         	0.6236620948962053  	0.046243212504379065	0.03300191554525016 
2875      	0.3046875           	6177.629879999999   	9876.325615         	0.6254988060152165  	0.04614035946534658 	0.033000867861703705
2950      	0.3053435114503817  	6251.569992999998   	9953.397187999999   	0.628084047578952   	0.045941035056304334	0.03294833029170275 
2975      	0.3106060606060606  	6303.795468999998   	10029.868800999999  	0.628502285929353   	0.04646656439090664 	0.03341667028667666 
3027      	0.3157894736842105  	6629.244945999998   	10480.334399        	0.632541357328497   	0.047030195554157835	0.0339165976533785  
3083      	0.31851851851851853 	6762.887993999998   	10730.194577        	0.630267041801473   	0.04732614912688688 	0.034200799243576704
3111      	0.3235294117647059  	6802.053369999998   	10790.334434        	0.6303839247620485  	0.04797668887344312 	0.034748449652572205
3194      	0.3237410071942446  	6820.836153999998   	10826.294608        	0.6300249901715955  	0.0479259737134173  	0.034790209141456536
3277      	0.323943661971831   	6941.199795999998   	11050.657809        	0.6281254850138305  	0.04790736633185712 	0.034844792390456444
3388      	0.3219178082191781  	6994.174513999998   	11127.942023        	0.6285236299348034  	0.047541064419250836	0.03466524574531227 
3472      	0.3221476510067114  	7066.870581999999   	11200.638090999999  	0.6309346418110242  	0.0475089382533789  	0.0347188726639102  
3583      	0.3202614379084967  	7289.361775999999   	11532.082870999999  	0.6320941201637329  	0.04704697410499468 	0.03445901859277555 
3666      	0.32051282051282054 	7327.548361999999   	11635.990580999998  	0.6297313761979918  	0.046911314534989326	0.03446646052777414 
3777      	0.31875             	7374.9317139999985  	11683.373932999999  	0.6312330458900497  	0.04646157103617333 	0.03424180974359693 
3833      	0.32098765432098764 	7459.832581999998   	11768.274801        	0.6338934727600094  	0.046579757000555014	0.03444541739318588 
3972      	0.31736526946107785 	7689.754822999998   	12096.153465        	0.6357190197073941  	0.04594826729577518 	0.03396499042736417 
4024      	0.32142857142857145 	7916.811392999998   	12338.066249        	0.6416573904878858  	0.04653545396671349 	0.03434681413637939 
4048      	0.3254437869822485  	8052.073709999998   	12473.328566        	0.6455433020459728  	0.04684828673741573 	0.03441000646630604 
4097      	0.32748538011695905 	8104.375874999998   	12525.630731        	0.6470233754330849  	0.046915881004412276	0.034273455993851974
4121      	0.3313953488372093  	8203.763644999997   	12645.939930999999  	0.6487270768137573  	0.04731432986093075 	0.034354082724832306
4146      	0.3352601156069364  	8847.206901999998   	13990.060045999999  	0.6323923466311046  	0.04790088431166134 	0.0347299483648179  
4170      	0.3390804597701149  	9056.875845999999   	14263.260691999998  	0.63497933898662    	0.04858100501835734 	0.035141092093413775
4195      	0.34285714285714286 	9372.427995999999   	14654.912968999997  	0.6395417028968915  	0.04936769259147085 	0.03559613033547636 
4243      	0.3446327683615819  	9411.120463         	14740.510645999997  	0.6384528113721631  	0.04987154858410959 	0.03586689226540185 
4341      	0.3425414364640884  	9598.388109         	14992.525679999997  	0.6402115503329924  	0.049831184848329366	0.03572265552797095 
4390      	0.3442622950819672  	9731.182353999999   	15250.197287999998  	0.6381020632209935  	0.0503929474380369  	0.03601468552967853 
4756      	0.32323232323232326 	9951.377335         	15597.356663999997  	0.6380169120559133  	0.04750052070095935 	0.03390757203088069 
4878      	0.32019704433497537 	10031.830258        	15696.166421999997  	0.6391261399942363  	0.04717977899887033 	0.03365510670437274 
5025      	0.3173076923076923  	10082.027134        	15746.363297999997  	0.6402765478731559  	0.04667824012673524 	0.03327051141852433 
5051      	0.32057416267942584 	10409.160687        	16179.755715999996  	0.643344737072049   	0.047029491430883974	0.03357401875950819 
5076      	0.3238095238095238  	10502.444011        	16273.039039999996  	0.645389222331762   	0.047410414125586484	0.03388027930057636 
5205      	0.3209302325581395  	10742.644898999999  	16808.002509999995  	0.639138701497017   	0.046781577276788534	0.03339584362415747 
5230      	0.32407407407407407 	10804.590005999999  	16869.947616999994  	0.6404637555075819  	0.04699102230786204 	0.0335248169896544  
5358      	0.3212669683257919  	10899.387952        	16964.745562999993  	0.6424728217422546  	0.046282043721812126	0.032989161375694964
5410      	0.32286995515695066 	10969.345156        	17062.441054999992  	0.64289424477077    	0.04624189438046286 	0.03292602809935438 
5435      	0.32589285714285715 	11233.083677999999  	17670.988855999993  	0.6356794047881439  	0.04647572334242066 	0.03309640711451577 
5512      	0.32599118942731276 	11419.623812999998  	18002.680620999992  	0.6343290787305915  	0.04637583777435118 	0.03301210694984746 
5538      	0.32894736842105265 	11529.357030999998  	18152.317012999993  	0.6351452006233207  	0.04672543310800224 	0.03323826251116069 
5615      	0.329004329004329   	11705.392353999998  	18458.741089999992  	0.6341381731791765  	0.0467420182834578  	0.0332184932735215  
5641      	0.33189655172413796 	11761.023969999998  	18514.37270599999   	0.6352375074629766  	0.047184654139487796	0.033488960544891436
5666      	0.33476394849785407 	11908.407927999999  	18661.75666399999   	0.6381182727011044  	0.047623940967918006	0.0337640874870753  
5692      	0.33760683760683763 	12002.441841999998  	18755.79057799999   	0.639932600659261   	0.04810135966788567 	0.03404385418744444 
5717      	0.3404255319148936  	12132.807517999998  	18929.52026799999   	0.6409463814310333  	0.04860177255845059 	0.03434862445077437 
5743      	0.3432203389830508  	12296.644574999998  	19093.35732499999   	0.6440273633228097  	0.04907118121886348 	0.03460253497278273 
5846      	0.3416666666666667  	12365.391840999999  	19189.25612899999   	0.6443914114165507  	0.048928888785074495	0.03441467276396056 
5871      	0.34439834024896265 	12608.689538999999  	19699.17257599999   	0.6400618853586516  	0.049480646595721225	0.03471560869081135 
5948      	0.3442622950819672  	12704.557068999999  	19831.87130999999   	0.6406131257313007  	0.04966229679103856 	0.03473440005743201 
6021      	0.34552845528455284 	12807.451971999999  	20009.513075999992  	0.6400681477532624  	0.05005907558028213 	0.03490914609596167 
6043      	0.3481781376518219  	12855.240375        	20074.740352999994  	0.6403689486862477  	0.05067138450875492 	0.03522680381757136 
6065      	0.35080645161290325 	12979.478111999999  	20435.492481999994  	0.6351438862279728  	0.05130528687724937 	0.03559809126613076 
6173      	0.34782608695652173 	13088.566805999999  	20626.112603999994  	0.6345629473321963  	0.05100347094568056 	0.035341579957111076
6239      	0.34765625          	13250.327247        	20935.779042999995  	0.6329034720793123  	0.051077699095785814	0.035366859525883504
6260      	0.35019455252918286 	13455.402193        	21441.979308999995  	0.6275261252281998  	0.05160683802664917 	0.0357382741050547  
6326      	0.35                	13494.553851        	21501.463446999995  	0.6276109477042521  	0.05166522472702564 	0.03581554134441111 
6391      	0.34980988593155893 	13745.379402        	21849.020223999996  	0.6291073586403397  	0.051715893971701864	0.03586763918385131 
6608      	0.34065934065934067 	13848.31142         	21993.645325999998  	0.6296505747334702  	0.05038526262927969 	0.03496346582366269 
6847      	0.33098591549295775 	13984.218398        	22179.798216        	0.630493490599572   	0.04878751666044296 	0.033836259337598935
6869      	0.3333333333333333  	14151.351544000001  	22724.337602        	0.622739891998195   	0.04901203578531021 	0.03401372946985211 
6891      	0.3356643356643357  	14514.563079000001  	23270.946503        	0.6237203577915853  	0.0493340941558052  	0.034269455783124195
7052      	0.3321917808219178  	14794.394538        	23718.920734        	0.6237380993812633  	0.04882376309223294 	0.033908394152431055
7078      	0.33447098976109213 	14920.348771        	23926.818508        	0.6235826449726837  	0.049193833596629814	0.03415398146803696 
7105      	0.336734693877551   	15225.815050000001  	24371.266547        	0.6247445129959499  	0.04962303818240353 	0.034448500695538786
7210      	0.33557046979865773 	15326.360110000001  	24500.961775        	0.6255411624550401  	0.049512941481701905	0.03437923227577106 
7368      	0.33223684210526316 	15374.435184000002  	24549.036849        	0.626274475799904   	0.04907477164561455 	0.03404261215936015 
7394      	0.3344262295081967  	15546.079104000002  	24761.836061        	0.6278241672266437  	0.04950537111904608 	0.03428607148825341 
7447      	0.3355048859934853  	15705.466936000003  	25039.940349        	0.6272166274001215  	0.04982746866553859 	0.03443902507562247 
7578      	0.3333333333333333  	16064.573965000003  	25829.686239        	0.6219422805354969  	0.04972670875397508 	0.03432065652854764 
7763      	0.329153605015674   	16117.034713000003  	25887.45783         	0.6225808195937486  	0.04916157419159359 	0.033927418735504   
7789      	0.33125             	16288.439175000003  	26058.862291999998  	0.6250633274960937  	0.04957182280017991 	0.034192910694058234
8042      	0.3252279635258359  	16555.915747000003  	26490.847369        	0.6249673902985071  	0.048749122988892925	0.033547213113961125
8127      	0.32432432432432434 	16602.468147000003  	26537.399769        	0.6256252794742304  	0.04864936433350964 	0.03341185413205857 
8191      	0.3244047619047619  	16675.254772000004  	26610.186394        	0.626649303582477   	0.04871007307196824 	0.03338293238752996 
8297      	0.3225806451612903  	16796.660532000005  	26777.425099        	0.6272694431932992  	0.048478304637901516	0.03316874534634142 
8382      	0.3217391304347826  	17046.319368000004  	27299.157465        	0.6244265739649634  	0.04847500026774383 	0.03310158940256445 
8404      	0.3236994219653179  	17298.096783000005  	27675.600065        	0.625030595267059   	0.04896896548028791 	0.033347977195269406
8446      	0.32471264367816094 	17501.310732000005  	28005.647547999997  	0.6249207664991073  	0.0493447192079026  	0.03350907272150362 
8510      	0.3247863247863248  	17569.791519000006  	28074.128334999998  	0.6258356914717013  	0.049532305117945354	0.0335350489063429  
8553      	0.32577903682719545 	17696.534675000006  	28236.776509        	0.6267193661202628  	0.04988187835347659 	0.03366659815341176 
8574      	0.327683615819209   	17838.091460000007  	28417.457242        	0.6277159602315134  	0.0503804311892285  	0.03388526931090613 
8808      	0.32054794520547947 	17926.284152000007  	28530.503429        	0.6283199382236883  	0.04936556754151513 	0.033140459130917795
8829      	0.3224043715846995  	18055.336378000007  	28672.603504        	0.6297069038561908  	0.04976398337491096 	0.03333037148927904 
8914      	0.3216216216216216  	18107.678817000007  	28724.945943        	0.6303816499056869  	0.049769141821526024	0.033248557519062694
9191      	0.31413612565445026 	18161.08864000001   	28778.355766        	0.6310676255332248  	0.048622718034646295	0.032412761329026214
9212      	0.31592689295039167 	18320.027168000008  	28984.295038        	0.632067371104988   	0.0489274261874732  	0.03254594951673122 
9276      	0.3160621761658031  	18470.940468000008  	29150.238639        	0.6336462866306626  	0.048916997768480186	0.03248782678139103 
9319      	0.3170103092783505  	18572.57068300001   	29339.945472        	0.6330131288323074  	0.04904465713201251 	0.03253394521049624 
9361      	0.31794871794871793 	18662.288612000008  	29488.355547        	0.6328697638718825  	0.049191087362308976	0.03259041007595883 
9425      	0.31806615776081426 	18799.612676000008  	29863.031511        	0.6295279388857491  	0.04923565255961341 	0.03259755183089581 
9489      	0.3181818181818182  	18851.36092800001   	29925.561607        	0.6299417593416331  	0.04929045783417243 	0.03260699242975976 
9531      	0.31909547738693467 	18910.76774700001   	29984.968426        	0.6306749261274013  	0.04947714974636935 	0.032701462899819476
9553      	0.3208020050125313  	19149.073420000008  	30301.665280999998  	0.631947889412105   	0.049792050948902114	0.032896674056795076
9574      	0.3225              	19257.022247000008  	30502.583452        	0.6313243033103598  	0.05011616158124089 	0.033114966290770494
9595      	0.32418952618453867 	19468.85011900001   	30752.850377        	0.6330746542297987  	0.05047457813482344 	0.033348289253185025
9659      	0.32425742574257427 	19623.23827700001   	30976.249152999997  	0.6334930410740041  	0.05060252950663003 	0.03343226933953487 
9723      	0.32432432432432434 	19876.79601200001   	31257.596784999998  	0.6359028862237597  	0.050666049215382994	0.03344040725306961 
9744      	0.32598039215686275 	20044.62244400001   	31460.775244999997  	0.637130594777243   	0.0510099101190986  	0.033626262822667966
9851      	0.324455205811138   	20254.867029000012  	31924.578672999996  	0.6344599637936783  	0.05085007382187808 	0.033512032271988894
9872      	0.32608695652173914 	20318.258063000012  	31987.969706999997  	0.635184359904959   	0.0512011502552024  	0.03372501027305286 
9978      	0.324582338902148   	20412.05583600001   	32120.937804999998  	0.6354750897971179  	0.05095640948888598 	0.033557211500272126
10022     	0.3261904761904762  	20531.47220600001   	32281.970865        	0.6360042976267029  	0.05121177849278595 	0.033727191935516466
10044     	0.32779097387173395 	20604.00658000001   	32354.505239        	0.6368203261895045  	0.051478997461054284	0.03389959844918657 
10066     	0.3293838862559242  	20663.793662000007  	32468.181471        	0.6364321229526372  	0.05176122010683686 	0.03407691788785376 
10088     	0.3309692671394799  	20719.55373600001   	32549.712489        	0.6365510522712626  	0.052057349649867066	0.03425714018931039 
10111     	0.33254716981132076 	20951.22451500001   	32861.545894        	0.6375605269022164  	0.05239976059490116 	0.03445405509827576 
10133     	0.3341176470588235  	21032.18538700001   	32948.73936         	0.6383305035498028  	0.05276455553313418 	0.034650669226232056
10155     	0.33568075117370894 	21515.55329700001   	34073.029926999996  	0.6314540662540478  	0.05319536066180141 	0.03494583439630831 
10222     	0.3356643356643357  	21632.11845000001   	34215.019415999996  	0.6322404259658015  	0.05340566572954961 	0.03508119843113257 
10288     	0.33564814814814814 	21681.671875000007  	34264.572840999994  	0.6327722798591654  	0.05357953358271441 	0.03516457520675864 
10333     	0.33640552995391704 	22231.121035000007  	35687.457094        	0.6229393418657908  	0.05392671997425344 	0.0354420644388226  
10555     	0.3310810810810811  	22494.156390000007  	36128.253935        	0.6226195273779429  	0.05320625025438584 	0.03506307975834477 
10666     	0.32962138084632514 	22537.97721000001   	36172.074755        	0.6230767066211657  	0.053115287602856255	0.035087297173172965
10755     	0.32891832229580575 	22635.444776000008  	36269.542321        	0.6240896170033589  	0.05311243285548286 	0.03516583030367687 
10911     	0.32608695652173914 	22732.084710000006  	36414.327113        	0.6242621108844986  	0.052760454776095596	0.03501051978203415 
10977     	0.326133909287257   	22847.421594000007  	36610.517607        	0.6240671557626799  	0.052778832135762316	0.03501536827332749 
11053     	0.3261802575107296  	22874.546002000006  	36637.642015000005  	0.6243454748707579  	0.05279822867064949 	0.035022623209356965
11160     	0.3241525423728814  	23043.354230000008  	37057.57733300001   	0.6218257071403249  	0.052512980623248266	0.034839185585801416
11357     	0.3188405797101449  	23340.525361000007  	37581.032729000006  	0.6210719521549741  	0.05171096076805745 	0.03432188228317493 
11392     	0.31958762886597936 	23498.190123000008  	37788.33698000001   	0.6218371063917617  	0.05183255391283068 	0.03443123444446865 
11464     	0.31901840490797545 	23615.708917000007  	37987.66656900001   	0.6216677951014686  	0.05175767143898927 	0.034411060721957105
11535     	0.3184584178498986  	23710.165468000007  	38131.17491000001   	0.6218052688898906  	0.05169597415324998 	0.03440315881337536 
11625     	0.3172690763052209  	23976.357153000008  	38605.72884200001   	0.6210569745005204  	0.051536191207428104	0.034331894234932325
11642     	0.3186372745490982  	24083.58685800001   	38733.176774000014  	0.6217818641244611  	0.05181068635806141 	0.034541262895869514
11660     	0.32                	24113.51535300001   	38763.33190100001   	0.622070244492526   	0.05209015878919171 	0.034750097375309194
11785     	0.3175542406311637  	24215.60065300001   	38865.41720100001   	0.6230629283551583  	0.05176075441209951 	0.03455200882116911 
11821     	0.3182711198428291  	24377.98364200001   	39304.94976700001   	0.6202268107837016  	0.05193617193634833 	0.03470114814991221 
11928     	0.31650485436893205 	24569.64274400001   	39539.70707600001   	0.6213916227749042  	0.051698571842972066	0.03455778950409109 
11982     	0.3166023166023166  	24664.317823000012  	39724.663991000016  	0.6208817229665665  	0.05176735305399059 	0.03462455018103789 
12108     	0.3160919540229885  	24788.296882000013  	39990.979647000015  	0.6198472030644427  	0.05166061231181851 	0.03457570401204908 
12135     	0.3173996175908222  	24891.076817000012  	40142.955508000014  	0.6200608924282995  	0.05186411240858966 	0.03473394049617174 
12162     	0.3187022900763359  	25010.93260900001   	40331.870619000016  	0.6201282565162639  	0.052086004549151466	0.03490209863063995 
12405     	0.3151969981238274  	25239.256795000012  	40718.432732000016  	0.6198484347646527  	0.051513830645938355	0.03452173658736665 
12432     	0.31647940074906367 	25328.49803300001   	40807.67397000002   	0.620679778308864   	0.05168641124852707 	0.03463172564100752 
12513     	0.3165735567970205  	25409.18596100001   	40888.36189800002   	0.6214283180232479  	0.05166824893624456 	0.03460478544347051 
12540     	0.31784386617100374 	25592.03863400001   	41297.38836400002   	0.6197011396563091  	0.05184492977097552 	0.03471483381131922 
12567     	0.31910946196660483 	26021.13289000001   	42123.978685000024  	0.6177273301884446  	0.0520713441604783  	0.03488363462186416 
12594     	0.32037037037037036 	26118.537328000013  	42242.43657900002   	0.6183009182994031  	0.05231766246640044 	0.03505404726263136 
12648     	0.3210332103321033  	26176.129098000012  	42392.458509000026  	0.6174713620924522  	0.05247309757780112 	0.0351677718492972  
12675     	0.32228360957642727 	26503.63787600001   	43155.36885200003   	0.6141446262895678  	0.05275654648334653 	0.03539426502525774 
12972     	0.3176895306859206  	26598.546161000013  	43339.179023000026  	0.6137298112380997  	0.05200959102713307 	0.03496743971787896 
13022     	0.31891891891891894 	26874.943951000012  	43685.45039600003   	0.6151920995980108  	0.05225105208313504 	0.03519880970962279 
13044     	0.32014388489208634 	26943.204310000012  	43753.71075500003   	0.615792440117117   	0.05249685518880567 	0.03543461797409769 
13111     	0.32021466905187834 	27224.87641900001   	44207.36199100003   	0.6158448546317375  	0.05251578002017391 	0.03550807199120774 
13177     	0.3202846975088968  	27453.517014000012  	44512.061972000025  	0.6167657888162862  	0.05248162885608497 	0.03551524321454448 
13288     	0.31922398589065254 	27619.93827200001   	44700.419867000026  	0.617889906944484   	0.05228928596354157 	0.035407261756540735
13511     	0.31542461005199307 	27850.12526300001   	45052.34521000003   	0.618172597523697   	0.05157217185161326 	0.034937411738264555
13533     	0.3166089965397924  	28185.11813800001   	45626.46481600003   	0.6177361812199005  	0.051709968271201494	0.035055787177858753
13555     	0.3177892918825561  	28287.06782800001   	45737.44612400003   	0.6184662727190795  	0.051867347507618865	0.035175107569938725
13644     	0.31732418524871353 	28470.61404900001   	46000.56515500003   	0.6189187883467862  	0.05179153269492434 	0.03512148488723552 
13688     	0.31794871794871793 	28659.89064500001   	46460.70598800003   	0.6168630035971117  	0.05191266830752142 	0.03520816853802241 
13733     	0.3185689948892675  	28739.94050300001   	46669.36572600003   	0.6158202507343841  	0.0520461001252373  	0.03530723034149938 
13800     	0.31864406779661014 	28769.227530000007  	46698.65275300003   	0.616061188792043   	0.052057083018149625	0.03532565932081446 
13844     	0.31925675675675674 	28825.411106000007  	46774.30897100003   	0.6162658891202797  	0.052169921705094706	0.03540649082629189 
13933     	0.3187919463087248  	28973.468197000006  	46951.04057500003   	0.6170995965620297  	0.05205237816185526 	0.03532678648203552 
13955     	0.31993299832495814 	29009.375638000005  	47021.99727600003   	0.6169320173221641  	0.0521746823821926  	0.035405051776730735
14024     	0.32053422370617696 	29128.921580000006  	47241.34613600003   	0.6165980430816398  	0.05223066469147481 	0.03543491000857595 
14097     	0.32059800664451826 	29343.637648000007  	47580.32629500003   	0.6167178733930536  	0.052198307221220513	0.0353918759969033  
14243     	0.3190789473684211  	29510.422669000007  	47757.56603000003   	0.6179214127131677  	0.05187919482826584 	0.035156693202939925
14414     	0.3170731707317073  	29556.903402000007  	47804.04676300003   	0.6182929145838931  	0.05146010465988406 	0.03485111809294228 
14439     	0.3181818181818182  	29746.104643000006  	48128.50716000003   	0.618055834229619   	0.05157121962417127 	0.03490474893232937 
14536     	0.317741935483871   	29814.993570000006  	48239.79321900003   	0.6180580715726801  	0.051438970688591525	0.03479624999533127 
14560     	0.3188405797101449  	30147.618105000005  	49066.73300600003   	0.6144207339280865  	0.05160576494045914 	0.034908155655296105
14585     	0.319935691318328   	30302.360233000007  	49265.97348300003   	0.6150768591522158  	0.051810170377324   	0.035026261041558426
14609     	0.32102728731942215 	30388.701533000007  	49352.31478300003   	0.6157502777046588  	0.05202423641320151 	0.03514736794836722 
14634     	0.32211538461538464 	30503.154510000008  	49497.088994000034  	0.6162615848721438  	0.05225235364594051 	0.03527455720521656 
14658     	0.3232              	30684.979879000006  	49848.745653000035  	0.615561725316017   	0.052494734244079494	0.03542651693242816 
14682     	0.3242811501597444  	30988.886795000006  	50251.15794900004   	0.6166800539492178  	0.052751675923661145	0.035576940774741696
14951     	0.3202511773940345  	31125.587763000007  	50387.858917000034  	0.6177199911246625  	0.052070165941779135	0.035074199031796136
15062     	0.3203125           	31406.10667000001   	50736.42267500003   	0.6190051449069767  	0.05206819762690164 	0.03502178407745551 
15093     	0.3213728549141966  	31593.931129000008  	51072.96498500003   	0.6186038178570413  	0.0522578515564978  	0.035097253821823514
15125     	0.32242990654205606 	31849.510089000007  	51669.61095000003   	0.6164070041057661  	0.05247909050845175 	0.035207476959063164
15156     	0.3234836702954899  	31956.142353000007  	51835.045751000034  	0.6164968486090994  	0.052706288361564387	0.035321883927759264
15187     	0.3245341614906832  	32147.902669000006  	52102.05483800003   	0.6170179423624825  	0.05295732959143984 	0.035448736241787474
15218     	0.32558139534883723 	32248.678279000007  	52235.67426400003   	0.6173688524822062  	0.05321959161909051 	0.03558089945392495 
15250     	0.326625386996904   	32564.492400000006  	52692.70308800003   	0.6180076270829249  	0.053510869262291136	0.03573497106425477 
15281     	0.3276661514683153  	32668.316818000007  	52929.44468900003   	0.617204979382473   	0.053748602695848746	0.035872318593375   
15312     	0.3287037037037037  	32771.90759000001   	53063.75937400003   	0.617594908024128   	0.05400033858772888 	0.03601195450559747 
15343     	0.32973805855161786 	33016.26570400001   	53379.67027200003   	0.6185176029706292  	0.054263143882059085	0.03616244056917575 
15375     	0.33076923076923076 	33125.403737000015  	53542.45166300003   	0.6186755127593642  	0.05453799667380264 	0.03631935140511954 
15437     	0.3312883435582822  	33330.39060000001   	53994.32878600003   	0.6172942853332055  	0.05475142577904382 	0.03644328465088398 
15562     	0.3307926829268293  	33473.01245300001   	54187.330025000025  	0.6177276576933538  	0.05472124890743862 	0.03642567094771002 
15625     	0.331306990881459   	33673.59263900001   	54441.86403600003   	0.6185238737735566  	0.05485058321837218 	0.03650770092103155 
15656     	0.3323216995447648  	33786.288855000006  	54566.25483500003   	0.6191791787280354  	0.055065674859981165	0.036640384678002035
15750     	0.3323262839879154  	34392.209088        	56045.51208700003   	0.6136478695138448  	0.05513533783736396 	0.03670867033029691 
15781     	0.3333333333333333  	34507.098488        	56167.73382500003   	0.6143580333063221  	0.055386641386834766	0.03689015165661995 
15906     	0.3328335832083958  	34735.345005        	56499.37227900003   	0.614791697746182   	0.05534554033550535 	0.036891336598558186
15937     	0.3338323353293413  	35057.115506        	57062.47494800003   	0.6143637397071701  	0.05558878823660908 	0.037086229063468486
15968     	0.33482810164424515 	35129.348911        	57143.69308600003   	0.6147546126941968  	0.05583806778077632 	0.03728330730699034 
16022     	0.3358208955223881  	35255.659803        	57270.00397800003   	0.6156042841649405  	0.05609318659364531 	0.03747289263092995 
16044     	0.33681073025335323 	35536.649885        	57703.43326800003   	0.6158498354846969  	0.05635962377598211 	0.03766143711576213 
16155     	0.33579881656804733 	35892.851856        	58363.59347400003   	0.6149870102153604  	0.05632862754428453 	0.03765479403066725 
16244     	0.3352941176470588  	35987.825532        	58536.76975000003   	0.614790082980279   	0.05639868724776937 	0.03770878985495705 
16288     	0.3357771260997067  	36098.04321         	58671.682568000026  	0.6152549514523067  	0.056612751242274155	0.03784905750738929 
16311     	0.3367496339677892  	36407.118332000005  	59532.920706000026  	0.6115459799426691  	0.05692714632525293 	0.03808675749391639 
16466     	0.3347826086956522  	36468.590965        	59594.393339000024  	0.6119466768887144  	0.056637644683354714	0.03787943454449373 
16755     	0.33001422475106684 	36535.620788        	59661.42316200002   	0.6123826561896453  	0.055798026665286174	0.037329009916609306
16800     	0.3304964539007092  	36640.532238        	59852.75955800002   	0.6121778261951928  	0.05585713784490839 	0.03738134615524574 
16911     	0.3295774647887324  	36888.89662         	60167.06233400002   	0.613107823267521   	0.0556589610090697  	0.03726444297376381 
17250     	0.32503457814661135 	36975.430216        	60253.59593000002   	0.6136634609983516  	0.05480635959803137 	0.03671730807857231 
17275     	0.3259668508287293  	37132.546626        	60452.43860900002   	0.6142439822183087  	0.05487292553719719 	0.03678306974714056 
17300     	0.32689655172413795 	37343.16312500001   	60694.07349400002   	0.6152686905862663  	0.05495960271580392 	0.036859099392133214
17450     	0.32558139534883723 	37597.705502000004  	60982.25842400002   	0.6165351443790272  	0.05469651396688203 	0.036689680652704434
17475     	0.32650273224043713 	37687.402114000004  	61071.95503600002   	0.6170983406669142  	0.054819142556053885	0.03677384459522501 
17525     	0.32697547683923706 	37834.744337000004  	61251.13366000002   	0.6176986788035229  	0.05486125901024226 	0.036793216761336046
17550     	0.32789115646258504 	37895.00984100001   	61323.70756300002   	0.6179504036358062  	0.054985100835611415	0.03686351838876282 
17600     	0.3283582089552239  	38115.854247        	61544.551969000015  	0.6193213375929515  	0.055059579533306494	0.03688863965204619 
17675     	0.32837837837837835 	38249.665998000004  	61901.54619500002   	0.6179113180389273  	0.05503523658808953 	0.03685618243762552 
17875     	0.32620320855614976 	38332.89932900001   	61984.77952600002   	0.6184243877631437  	0.054625504983274405	0.03657090867422997 
17925     	0.32666666666666666 	38556.261861000006  	62321.75370300002   	0.6186645845164014  	0.05467314367474064 	0.036589097659403755
17950     	0.32756324900133155 	38719.151945000005  	62537.622420000014  	0.6191337381674639  	0.05477877468987655 	0.036662156246720236
17975     	0.32845744680851063 	38889.019313000004  	62846.83147000001   	0.6187904529691955  	0.054902110194061424	0.03674575503345132 
18029     	0.3293492695883134  	39058.79975700001   	63052.55061000001   	0.6194642306952981  	0.0550176475555013  	0.03682787295466681 
18117     	0.32936507936507936 	39117.424081000005  	63111.17493400001   	0.6198177125034983  	0.05499374035580797 	0.0368128194507313  
18176     	0.32981530343007914 	39418.920985000004  	63771.38404000001   	0.6181286728899416  	0.055048524253014694	0.03687087846071238 
18205     	0.33069828722002637 	39567.19446300001   	63982.17203800001   	0.6184096788633626  	0.05518911808620046 	0.03698777744955748 
18411     	0.3289817232375979  	39623.42437500001   	64075.359806000015  	0.6183878560333839  	0.05482241026867418 	0.0367706977332809  
18470     	0.3294270833333333  	39735.94432300001   	64244.67433600002   	0.6185095454789107  	0.0548273289901182  	0.03680330268313835 
18500     	0.33029908972691807 	39817.59282700001   	64349.69276500002   	0.6187689655708334  	0.05491164645274981 	0.03688722444813196 
18529     	0.33116883116883117 	40134.75989500001   	64835.24564700002   	0.6190268810504165  	0.055015567224131944	0.03697579056726404 
18588     	0.3316062176165803  	40164.75621700001   	64867.31236600002   	0.6191832951298939  	0.0550517549330998  	0.03701641895706377 
18647     	0.33204134366925064 	40244.97447600001   	64985.28395300002   	0.6192936620097991  	0.05509431645748922 	0.037057090841058765
18676     	0.3329032258064516  	40455.01988500001   	65449.45616700002   	0.6181108637751777  	0.05522631551320212 	0.037164602706669346
18705     	0.3337628865979381  	40512.289970000005  	65508.01810300002   	0.6184325391481306  	0.055365502629164585	0.03727193503695391 
18764     	0.3341902313624679  	40688.912211        	65712.20620800002   	0.6191986931957004  	0.055457397841116744	0.037337580710343724
18823     	0.3346153846153846  	40804.915334000005  	65894.78574000002   	0.6192434632840798  	0.05554751180265836 	0.03740736641575647 
19105     	0.3320659062103929  	40884.460854000004  	66106.45062100003   	0.6184640147812178  	0.055127315061118634	0.037143179192076145
19368     	0.32916145181476847 	41111.595042        	66398.85930300002   	0.6191611644169089  	0.054645339549295846	0.0368345242603296  
19473     	0.3287671232876712  	41170.729096        	66459.80914100002   	0.6194831075824018  	0.05456386606903651 	0.03679641215491221 
19605     	0.327970297029703   	41292.209683        	66703.87923200002   	0.6190376055848755  	0.05439223398597386 	0.0366974031212066  
20081     	0.32242424242424245 	41459.755993        	66880.03445400002   	0.6199123001576196  	0.05342346985474244 	0.03605812129629002 
20108     	0.32324455205811137 	41526.118963        	66946.39742400002   	0.6202890754523716  	0.05350075766089805 	0.036124303789360136
20378     	0.32057416267942584 	41721.999578        	67151.11170900002   	0.6213150983829231  	0.052938533424144556	0.03574531150296329 
20459     	0.3206197854588796  	41863.773417000004  	67292.88554800002   	0.6221129184174837  	0.05283155091866269 	0.03566787249867566 
20540     	0.32066508313539194 	42147.25121         	68021.89458400002   	0.6196130153057189  	0.05274768888878018 	0.03562362927853192 
20567     	0.32147093712930014 	42235.373605        	68110.01697900002   	0.6201051692296919  	0.052796138680741574	0.03566724578335121 
20594     	0.3222748815165877  	42430.88475         	68352.54751900003   	0.6207652280729616  	0.052857550238242026	0.03572219492958554 
20621     	0.3230769230769231  	42641.081129        	68724.07868100003   	0.6204678468943793  	0.05293353486012887 	0.03579459286226876 
20648     	0.32387706855791965 	42738.384831999996  	68821.38238400003   	0.6210044516911077  	0.053009919220350386	0.035867055499264174
20702     	0.3242924528301887  	42874.358034        	69007.32964000003   	0.6213015089508394  	0.0530322887550146  	0.035900860782784996
20729     	0.3250883392226148  	43043.495538999996  	69195.32102900003   	0.6220578920496705  	0.053136036235438174	0.035983180517135505
20783     	0.3254994124559342  	43239.655266999995  	69557.09423900003   	0.6216426338689105  	0.053192325143075946	0.036032011293195276
20837     	0.32590855803048063 	43383.567134        	69867.05152100003   	0.6209445824540075  	0.05325784046018157 	0.03609089166724462 
20864     	0.32669789227166274 	43465.373568999996  	69948.85795600004   	0.6213878945148903  	0.05339316539442765 	0.03619303955923743 
20945     	0.3267211201866978  	43717.629067999995  	70223.84598300004   	0.6225467781782169  	0.05342846073015498 	0.036220196451273716
21052     	0.3267441860465116  	43795.60828099999   	70331.28207200003   	0.6227045347497753  	0.05347327209843579 	0.03624911502098372 
21131     	0.3267670915411356  	44101.569942999995  	71036.74351100004   	0.6208275853209807  	0.05350385686511865 	0.03626190881812264 
21236     	0.3264129181084198  	44125.278858        	71070.62693600004   	0.6208651979070812  	0.053468600377298205	0.03623220818314623 
21263     	0.3271889400921659  	44201.207288        	71171.21890100004   	0.6210545213435836  	0.053603411415397206	0.03632732369187783 
21342     	0.32721010332950634 	44229.331794        	71199.34340700004   	0.6212042088811109  	0.053618328581199144	0.03633873260155766 
21394     	0.32760595647193586 	44342.183063        	71372.96451500004   	0.6212742228702138  	0.053711750486359386	0.036395578450611164
21421     	0.32837528604118993 	44442.490926        	71473.27237800004   	0.6218057386676995  	0.05385166259897892 	0.03646506676963639 
21447     	0.3291428571428571  	44460.671422        	71491.45287400004   	0.6219019146297057  	0.05399342467458908 	0.036534609611784286
21473     	0.3299086757990868  	44748.674393        	72350.47768700004   	0.6184986723458836  	0.05411751010710843 	0.03662125025602861 
21500     	0.330672748004561   	45041.584033        	72686.66779500003   	0.6196677520013969  	0.05426203215603829 	0.03672231477183425 
21526     	0.3314350797266515  	45230.780866        	72914.25839800003   	0.6203283398853116  	0.054388289444747356	0.03681787291858302 
21552     	0.3321956769055745  	45395.143899        	73152.78437300003   	0.6205525092187044  	0.05453710093553953 	0.036918970499443246
21578     	0.33295454545454545 	45492.101726        	73320.75147200003   	0.6204532934086563  	0.05469667181489045 	0.037024333982233676
21657     	0.332955832389581   	45549.587323        	73402.82776500004   	0.6205426781217136  	0.054730191866749246	0.03704489700021371 
21684     	0.333710407239819   	45610.324483        	73505.91059900004   	0.6204987342013891  	0.05488939632996872 	0.03715274296947087 
21710     	0.3344632768361582  	45783.785771999996  	73758.85250400004   	0.6207225874279576  	0.0550672242696094  	0.03726742293967834 
21736     	0.33521444695259595 	45818.00642799999   	73809.91938700005   	0.6207567601824234  	0.055250138627529   	0.03738285289853453 
21763     	0.3359639233370913  	45898.231678        	73890.14463700005   	0.6211685185282034  	0.05544279719808567 	0.03749826672127155 
21842     	0.3359550561797753  	45978.22588699999   	74018.80253800005   	0.6211695449057761  	0.05546694585996157 	0.03747614838522841 
22021     	0.33482142857142855 	46304.51699699999   	74470.19496700005   	0.6217858972642532  	0.055332217626462496	0.03734337350675404 
22086     	0.3348164627363737  	46563.80664499999   	75023.26126700005   	0.620658257967275   	0.05540799807928089 	0.037355818193479697
22173     	0.3344407530454042  	46751.26930899999   	75434.26257800005   	0.6197617330806215  	0.05539598033190197 	0.03730570235488149 
22195     	0.33517699115044247 	47048.20829099999   	75828.11897100005   	0.6204585967508077  	0.055584702156174205	0.03739069470276058 
22304     	0.33443344334433445 	47160.75443499999   	75982.35545500004   	0.620680342858423   	0.05553649958457064 	0.037317236678173285
22347     	0.33479692645444564 	47279.53510499999   	76221.50181300004   	0.6202913086256742  	0.0556806170362905  	0.037376683499657566
22369     	0.3355263157894737  	47475.28784499999   	76637.69824900004   	0.6194769536364494  	0.055900282410760144	0.037495778082561965
22434     	0.3355191256830601  	47754.285465999994  	77021.77611500004   	0.620010182506033   	0.05602344939319474 	0.037540224564198955
22456     	0.33624454148471616 	47837.68002099999   	77137.18830000004   	0.620163647071901   	0.05627464746322292 	0.037670456091244295
22500     	0.3366013071895425  	47952.23709599999   	77325.57897500004   	0.6201342134341253  	0.05646869010805235 	0.03776107086546498 
22543     	0.33695652173913043 	48079.97183099999   	77589.09794900005   	0.6196743241248062  	0.05667368406037951 	0.0378593763052264  
22673     	0.33585313174946    	48166.352991999986  	77691.42688400004   	0.6199699879874323  	0.05662750097679379 	0.037790630413743816
22695     	0.3365695792880259  	48333.196565999984  	77994.68076700004   	0.6196986267613523  	0.05690808658727379 	0.037935034143745994
22739     	0.3369214208826695  	48524.72697599998   	78226.33883300005   	0.6203118757684932  	0.057143946267078055	0.038046094529255746
22760     	0.33763440860215055 	48732.707527999984  	78472.80855000005   	0.621013933723925   	0.05745494935116756 	0.03820337094324245 
22804     	0.33798283261802575 	48855.51883999998   	78694.02811700004   	0.6208287974198371  	0.05767602641367957 	0.03829592533266753 
22934     	0.3368869936034115  	48992.07983299998   	79037.90891600004   	0.619855465623057   	0.05762247091548628 	0.03821618727927699 
22978     	0.3372340425531915  	49092.18061299998   	79244.57134800004   	0.619502128384457   	0.05782329640483932 	0.03830610698167735 
23027     	0.3379383634431456  	49232.78181899998   	79455.17034800004   	0.6196296805276337  	0.058068101350147665	0.03842419010477276 
23216     	0.33649789029535865 	49251.33674599998   	79506.19886500004   	0.6194653680982508  	0.0578583148021502  	0.038242569773796004
23243     	0.33719704952581664 	49291.32575199998   	79546.18787100005   	0.61965666829862    	0.057992149435018736	0.038287551657056294
23270     	0.33789473684210525 	49403.01845299998   	79707.69421000005   	0.6198023784609984  	0.05813645207809173 	0.038336298557285216
23297     	0.33859095688748686 	49584.146642999985  	79979.55206100004   	0.6199602944160325  	0.058279259523623395	0.03838857549303627 
23324     	0.3392857142857143  	49747.760463999984  	80224.86804000004   	0.6201039862003362  	0.058433697314773   	0.03844919317427525 
23351     	0.33997901364113325 	50008.74743299998   	80954.74428800005   	0.617737081042362   	0.058610025668552286	0.03853725627881606 
23378     	0.34067085953878407 	50119.15193299998   	81065.14878800005   	0.6182576937479086  	0.058794157000595364	0.038628138066260975
23405     	0.3413612565445026  	50159.268606999976  	81106.38762700005   	0.6184379563010167  	0.058982223424743664	0.03871895790533251 
23432     	0.34205020920502094 	50266.505899999975  	81238.30541900004   	0.6187537472715874  	0.05917023059320354 	0.03881204286950528 
23459     	0.34273772204806685 	50502.94794899997   	81545.36244900004   	0.6193233610382864  	0.059378336711411094	0.03891276753118691 
23513     	0.34306569343065696 	50556.034938999976  	81618.77267100004   	0.6194167503937857  	0.05949863137993699 	0.03895390221951898 
23594     	0.34303534303534305 	50738.200235999975  	81878.84340800004   	0.6196741200064699  	0.059542352280128816	0.038956959575757115
23621     	0.34371754932502596 	50854.250853999976  	82077.79473500005   	0.6195859795964332  	0.05970809461858374 	0.039041478490206186
23702     	0.34368530020703936 	51097.61889699998   	82390.43805200004   	0.6201887027806569  	0.05974499657653412 	0.03902721220234165 
23756     	0.3440082644628099  	51278.41721499998   	82745.31727000004   	0.6197138267979229  	0.05984253997380661 	0.03906200003692173 
23810     	0.3443298969072165  	51320.30948099998   	82787.20953600004   	0.6199062605037235  	0.05992215132890192 	0.03908900173210113 
23972     	0.3432377049180328  	51491.71653699998   	83006.22549500004   	0.6203355980823587  	0.05974098891960631 	0.038952872456442814
24023     	0.34390992835209827 	51539.73076899998   	83075.09589200004   	0.6203992931407877  	0.05987103209415964 	0.03901980516267684 
24069     	0.3442288049029622  	51680.14269699998   	83361.27508700005   	0.6199538411938154  	0.059935427754722895	0.03904835662949746 
24209     	0.3431472081218274  	51727.39964599998   	83410.01960100005   	0.6201581044272982  	0.05976143451102895 	0.0389181956792919  
24255     	0.3434650455927052  	51982.825843999984  	83753.14455400006   	0.6206671537029147  	0.059841049975808476	0.0389555431065278  
24302     	0.3437815975733064  	52113.126265999985  	83950.44008900005   	0.620760608410775   	0.059930632331114855	0.03899866139018427 
24325     	0.34444444444444444 	52171.10491799998   	84023.81751300006   	0.6209085288219395  	0.06008971119438478 	0.03908174491564788 
24348     	0.34510595358224017 	52351.57636799998   	84204.28896300006   	0.6217210193533446  	0.060241978143715534	0.03916549087874507 
24441     	0.34472361809045227 	52527.41168499998   	84607.72780500006   	0.6208346807996393  	0.06020202875627965 	0.03912446299365797 
24465     	0.3453815261044177  	52640.94509399998   	84765.00794200005   	0.62102212188807    	0.060356749815166456	0.03920460411606779 
24511     	0.3456913827655311  	52694.452582999984  	84830.85268900005   	0.621170846604408   	0.06045600320994473 	0.039246735406410944
24581     	0.34565434565434566 	52931.83959199998   	85436.32121500005   	0.6195472702856352  	0.06051258322723343 	0.03926861654620173 
24813     	0.34322453016815035 	53089.60979699998   	85877.03323200005   	0.6182049821583426  	0.06008908438229369 	0.038997559400302625
24953     	0.3421828908554572  	53158.75119499998   	85946.17463000005   	0.6185121260352707  	0.059909129907249954	0.03888530495323824 
25103     	0.3418217433888345  	53270.777983999986  	86063.79530700005   	0.6189684964970069  	0.05984716978550144 	0.03884210687164601 
25137     	0.3424657534246575  	53370.893327999984  	86163.91065100006   	0.619411223617443   	0.059971723829023736	0.038914390869013465
25448     	0.34044616876818623 	53454.204241999985  	86247.22156500006   	0.6197788551566769  	0.05954904501340299 	0.038644007529782816
25482     	0.34108527131782945 	53581.264636999986  	86442.62774000005   	0.6198477075241206  	0.05960279898173304 	0.03868157748439588 
25551     	0.3413926499032882  	53890.904768999986  	86821.34009700005   	0.6207103542607273  	0.0596244850201941  	0.038693040498119266
25620     	0.3416988416988417  	54251.606431999986  	87406.53831100005   	0.6206813297990141  	0.059670009194381056	0.038727028876424194
25655     	0.3423336547733848  	54322.435452999984  	87498.16602400005   	0.6208408464024238  	0.059774369816201836	0.038782290045163065
25689     	0.34296724470134876 	54373.05425999998   	87601.65364500004   	0.6206852496226066  	0.059875382723248056	0.03882883173070396 
25758     	0.34326923076923077 	54438.53177899998   	87705.38238400004   	0.6206977302789928  	0.05991653424325228 	0.03883604499532212 
25793     	0.34390009606147937 	54531.40700699998   	87901.10255600004   	0.6203722754473883  	0.06002055581659933 	0.0388890014094771  
25827     	0.34452975047984646 	54556.38671099998   	87926.08226000004   	0.6204801272695754  	0.06012672679577077 	0.03894220921235306 
26030     	0.3438395415472779  	54774.39631899998   	88193.05429000004   	0.621073810856902   	0.05998106269208756 	0.038822750441449554
26060     	0.34446564885496184 	54926.57993799998   	88488.15243100004   	0.6207224179624476  	0.060067187257367705	0.038860823183806396
26090     	0.34509056244041947 	55143.28338999998   	88882.01736500004   	0.6204098987036978  	0.060156940073317094	0.03890519154013456 
26121     	0.3457142857142857  	55361.61256099998   	89180.00447400003   	0.6207850390626564  	0.060261772731640975	0.03895866704333166 
26212     	0.345679012345679   	55594.99325799998   	89548.87087700004   	0.6208341067121053  	0.060269603443644224	0.038945434722471195
26272     	0.3459715639810427  	55768.03221099998   	89883.39450000004   	0.6204486659768947  	0.06032817344556167 	0.038970591595612385
26545     	0.34398496240601506 	55811.95990399998   	89935.74836500004   	0.6205759213509822  	0.05995703254057677 	0.03872106096630556 
26666     	0.34363295880149813 	55887.560604999984  	90036.35827500004   	0.6207221357654358  	0.05986848160157062 	0.03865718959699318 
26757     	0.34360410830999066 	55944.32333999998   	90093.12101000003   	0.6209610979487585  	0.0598304071438014  	0.03862850152946353 
26909     	0.3429368029739777  	56203.55788599998   	90589.72299600003   	0.6204186968148875  	0.05966005786874111 	0.03850966223907308 
27020     	0.34291010194624655 	56257.10357399998   	90658.21040600003   	0.6205406363313424  	0.05960631070040176 	0.03846418569720449 
27060     	0.34320074005550416 	56393.45325799998   	90794.56009000003   	0.6211104850565939  	0.05962296600718112 	0.03845542740481536 
27080     	0.3438077634011091  	56522.15371099998   	91275.62707300003   	0.6192469504021587  	0.059701139012370306	0.03850107757280931 
27400     	0.33970856102003644 	56753.590238999976  	91547.00153500003   	0.6199393676187426  	0.05896619439481041 	0.03801561430497214 
27480     	0.3393829401088929  	56844.073126999974  	91637.48442300003   	0.6203146396359689  	0.05889793417400319 	0.03795314426007401 
27500     	0.3399818676337262  	56920.24955599997   	91744.99179400003   	0.6204180570837706  	0.05899641134066442 	0.03799766385427272 
27600     	0.33935018050541516 	56978.286616999976  	91806.47271100002   	0.6206347432208119  	0.05888863612216895 	0.03790498735090617 
27740     	0.3381165919282511  	57020.923624999974  	91849.10971900003   	0.620810847262949   	0.05866868306440318 	0.03774245622396518 
27960     	0.33570159857904086 	57032.76642699997   	91860.95252100003   	0.6208597326917756  	0.058191437864041656	0.037439346523917554
28027     	0.33599290780141844 	57100.413245999975  	91934.92253900004   	0.6210960064906479  	0.058189102141571795	0.03743965583860939 
28162     	0.3353927625772286  	57247.10210999998   	92262.86061900004   	0.6204782913289691  	0.05800579642683996 	0.03731398704617353 
28216     	0.3356828193832599  	57480.738363999975  	92518.70946600004   	0.6212877232698942  	0.057995104896680624	0.03728990250852481 
28297     	0.335676625659051   	57604.760929999975  	92740.15332200004   	0.6211415321904027  	0.05793480715830826 	0.03723150753718222 
28540     	0.33391455972101136 	57720.117616999974  	92855.51000900005   	0.6216121973957758  	0.05757718651636162 	0.03697921353973951 
28648     	0.3336229365768897  	57863.54607599998   	93053.10984700004   	0.6218335547424528  	0.057486228010727544	0.03689490268703902 
28783     	0.33304498269896193 	58109.376128999975  	93848.46144500004   	0.6191830450311113  	0.057339924687505074	0.03679553491951914 
28810     	0.33362143474503025 	58276.916360999974  	94036.11445200004   	0.6197290977047648  	0.05740363238366039 	0.03682883592275515 
28837     	0.33419689119170987 	58455.65044699997   	94307.04911900003   	0.6198439140348727  	0.05747339679047974 	0.03687318198947589 
28864     	0.33477135461604834 	58579.12407599997   	94439.83693600004   	0.6202798096284077  	0.05755216039181743 	0.03691934031595797 
28891     	0.3353448275862069  	58643.36336499997   	94514.13176800004   	0.620471904761813   	0.057635851499801216	0.03696678596517963 
28918     	0.3359173126614987  	58763.45900899997   	94646.59822300004   	0.6208723832899457  	0.057730831969730584	0.037015905482627086
28945     	0.33648881239242684 	58946.071962999966  	94879.07263300003   	0.6212758022099159  	0.05782732508998743 	0.03707049740292153 
28972     	0.33705932932072225 	59000.38681299997   	94933.38748300003   	0.6214924841227785  	0.05792590927809636 	0.03712623885602093 
29083     	0.33704974271012006 	59090.73573899997   	95023.73640900003   	0.6218523704925928  	0.05793260014443844 	0.03711907762948672 
29111     	0.337617823479006   	59122.04665699997   	95065.65193800004   	0.6219075496958483  	0.05804040669526034 	0.03717690175572705 
29138     	0.3381849315068493  	59259.57434699997   	95289.21037800003   	0.6218917557604358  	0.058158142973151715	0.03723834888035861 
29166     	0.33875106928999144 	59388.648483999976  	95467.63987700004   	0.6220814567168097  	0.058258411234679876	0.03727285673871886 
29194     	0.33931623931623933 	59534.33146399997   	95613.32285700004   	0.6226572791852443  	0.05836481093585523 	0.03730299601192638 
29222     	0.3398804440649018  	59801.911160999975  	96134.92916000003   	0.6220622585727399  	0.058478529603176094	0.03734360296189793 
29277     	0.340153452685422   	60005.83334699998   	96420.23606900004   	0.6223365114358228  	0.05855783386492864 	0.03735742769648976 
29305     	0.34071550255536626 	60145.61759399998   	96814.05219500004   	0.6212488397124049  	0.058696609004689364	0.037415010812153954
29416     	0.3404074702886248  	60385.87147599998   	97222.98937000004   	0.621106919950696   	0.05867832579303037 	0.037381229269705066
29444     	0.34096692111959287 	60483.51727799998   	97335.66332400004   	0.6213911244090383  	0.058822739216253694	0.0374433534122459  
29611     	0.340084388185654   	60559.88963899998   	97412.03568500004   	0.6216879589174347  	0.05871631010721013 	0.03733842829261217 
29638     	0.3406408094435076  	60646.04839799998   	97645.56300600004   	0.6210835037560637  	0.05885393988123081 	0.03739401398364951 
29777     	0.34005037783375314 	60705.156521999976  	97745.61138000005   	0.6210525021527564  	0.05877222006568877 	0.03732499953895409 
29805     	0.34060402684563756 	60938.41839399998   	98118.72588000004   	0.6210681788563799  	0.05888986129288874 	0.03738124994652293 
29972     	0.3397328881469115  	60993.107175999976  	98182.69192700004   	0.6212205632062834  	0.05871873212834908 	0.03726561572365518 
30051     	0.34                	61059.169331999976  	98248.75408300004   	0.6214752533189124  	0.05872444276238492 	0.037259019555228964
30153     	0.33970099667774084 	61197.264283999975  	98512.95731700004   	0.6212103052299637  	0.05860106325241545 	0.03717081445635919 
30179     	0.34024896265560167 	61276.956833999975  	98592.64986700004   	0.6215164813671368  	0.05863271216236702 	0.03717626963245377 
30230     	0.34051367025683515 	61437.82213599997   	99106.08190800005   	0.6199197965774953  	0.05862501109536588 	0.03716677335606699 
30333     	0.34021469859620146 	61525.19365299997   	99340.42869500005   	0.6193369050368979  	0.058515076254983645	0.03709360540901862 
30384     	0.34047815333882936 	61616.45310099997   	99495.22992800006   	0.6192905242350699  	0.058512506435947416	0.03708490782169723 
30615     	0.33878887070376434 	61688.41909099997   	99567.19591800006   	0.6195656965352757  	0.058124581523287394	0.036835013139825304
30641     	0.339329517579722   	61854.22217899997   	99928.20228500005   	0.6189866400537132  	0.05813105956477276 	0.03683987265259937 
30743     	0.33903830480847597 	62003.798299999966  	100216.09401700005  	0.6187010071404501  	0.05800605011729037 	0.03675782546024732 
30794     	0.33930024410089504 	62178.54992599996   	100415.85729800006  	0.6192104673415794  	0.05798614785627838 	0.03673990200518747 
30846     	0.3395613322502031  	62312.09126899996   	100563.98058400006  	0.6196263404365872  	0.05797533038177466 	0.036723889053591564
30871     	0.3400974025974026  	62498.43234399996   	101060.46242500006  	0.6184261465296765  	0.058011050659191536	0.03674778388666196 
30897     	0.340632603406326   	62554.79501399996   	101119.89850900006  	0.6186200336072563  	0.05805299291833691 	0.036771921867584975
31047     	0.34006462035541196 	62687.22353099996   	101285.90629800006  	0.6189135865217386  	0.05791466818910733 	0.036681555354278236
31285     	0.33814102564102566 	62762.66841699996   	101361.35118400006  	0.6191972352762705  	0.057529721007368945	0.03643871358576643 
31333     	0.3384              	63084.030214999955  	102116.51376800006  	0.6177652162932378  	0.0575216428676312  	0.036438459924045236
31404     	0.3383878691141261  	63293.983852999954  	102373.63559000006  	0.6182644924957863  	0.057478428778033226	0.03641738660860824 
31428     	0.33891547049441784 	63446.54840899995   	102616.61436700006  	0.6182872900297458  	0.05753473336477575 	0.03646166855106282 
31523     	0.3386327503974563  	63620.259278999954  	102815.12961900006  	0.6187830479303607  	0.05745461216814472 	0.036409923458958424
31547     	0.33915806195393167 	63761.46181799995   	102979.66244900005  	0.6191655740722336  	0.05751852355465554 	0.036448842177505394
31571     	0.3396825396825397  	63791.468012999954  	103030.20841400005  	0.6191530522453236  	0.05757613456090527 	0.036486756044982804
31619     	0.3399366085578447  	63895.065335999956  	103180.56400700005  	0.6192548562892634  	0.05758720741623233 	0.03649139655962578 
31642     	0.3404592240696754  	63979.22802099996   	103345.93592800005  	0.6190783163991428  	0.057649667854042214	0.03652818344608393 
31666     	0.34098101265822783 	64217.06809799996   	103949.94580800005  	0.6177691349316488  	0.05772878259252277 	0.03658142221253642 
31785     	0.3404255319148936  	64293.49373699996   	104026.37144700004  	0.6180499506296495  	0.05761045546752548 	0.03650839561214133 
31833     	0.34067663257277736 	64533.96917899996   	104333.65999300004  	0.6185345092209904  	0.05764356293188333 	0.036527795141262406
31880     	0.34092694422623726 	64696.730055999964  	104701.94785400004  	0.6179133376411993  	0.057684901100172575	0.03655898032949045 
31952     	0.3409090909090909  	64795.89593099996   	104850.43548900004  	0.6179840420195275  	0.05766862324629278 	0.03655892976589781 
31976     	0.341425215348473   	64922.34240899996   	105151.25192200004  	0.6174186347981724  	0.05774837048194338 	0.03662543372734015 
32083     	0.3411397345823575  	64998.73209399996   	105227.64160700004  	0.6176963685716212  	0.057693166187804464	0.03660266641590569 
32145     	0.3411214953271028  	65106.569769999966  	105379.29466900004  	0.617830760535093   	0.05769000713064524 	0.0366125845643738  
32166     	0.3416342412451362  	65315.67040199997   	105651.27167500004  	0.618219443708366   	0.057783641485307374	0.03668718958812772 
32187     	0.3421461897356143  	65491.91514599997   	105879.07096500004  	0.6185539271273861  	0.057892681060972055	0.03676567180412191 
32208     	0.34265734265734266 	65560.14334499997   	106016.77582200004  	0.6183940497782549  	0.05800561153536284 	0.036846431838667155
32250     	0.34290147401086113 	65610.72846699998   	106092.97600800004  	0.6184266945443452  	0.05807617746643807 	0.03690128841847876 
32270     	0.3434108527131783  	65909.64839299998   	106713.77441900004  	0.6176301864669589  	0.05820917570365986 	0.037001572071372696
32354     	0.34312210200927357 	66245.37712499998   	107520.35563700004  	0.6161194011360165  	0.0582273871255937  	0.03704045868672461 
32500     	0.3420445810914681  	66321.25008799999   	107666.81294000005  	0.6159860060588876  	0.058098301145161436	0.0369882086598212  
32541     	0.34228702993092863 	66499.42367299998   	107921.67115100005  	0.6161823011428023  	0.05819008340292556 	0.03707673296521458 
32645     	0.34174311926605505 	66556.25632699998   	107992.35969900005  	0.6163052322637251  	0.05815157865694516 	0.03708131975047162 
32666     	0.3422459893048128  	66676.85305499999   	108219.31512700005  	0.616127102419303   	0.058299623817770145	0.037202865463289415
32687     	0.3427480916030534  	66768.91275799999   	108350.76783600006  	0.6162292532994464  	0.05843735291732758 	0.037312069152990825
32770     	0.3424657534246575  	66980.64687599998   	108684.84671000006  	0.6162832161388798  	0.058450117855261746	0.037340996490655164
32812     	0.3427051671732523  	67103.52260999999   	108897.46969600006  	0.6162082810310218  	0.05856004937395946 	0.03743022499983001 
32854     	0.34294385432473445 	67149.31409499998   	108948.60373300005  	0.6163393728253972  	0.05867283804871458 	0.037519689713649704
32875     	0.3434420015163002  	67360.66308699998   	109243.42133900005  	0.6166107053528552  	0.05882769098051775 	0.03762102668029421 
32895     	0.34393939393939393 	67432.81617999998   	109329.26894800006  	0.6167864912009321  	0.05896766247513515 	0.037698559608761756
32916     	0.3444360333080999  	67503.79236299999   	109421.57021600005  	0.6169148571871739  	0.0591079187695189  	0.037772820068519265
32958     	0.34467120181405897 	67692.43886399998   	109873.86876200006  	0.6160922485639411  	0.05920105846097736 	0.03781913376730095 
32979     	0.34516616314199394 	67915.10698399998   	110289.83160400005  	0.6157875662359503  	0.059348936701626546	0.03790559193288562 
33023     	0.3456603773584906  	68055.04851999998   	110537.63115500005  	0.6156731224371057  	0.05948118230009881 	0.03796883052807996 
33093     	0.34563253012048195 	68227.46538599998   	110896.76789700006  	0.6152340296280686  	0.05950917101113933 	0.03797021353692027 
33162     	0.3456048084147258  	68331.91065299998   	111024.26956300005  	0.6154682298020024  	0.05953224380967946 	0.03796633588647671 
33302     	0.34480179506357517 	68575.35991299998   	111267.71882300005  	0.6163095697332193  	0.05941876566615718 	0.03787645722529149 
33372     	0.3447761194029851  	68639.57315399998   	111389.01529300005  	0.6162149200569642  	0.05943642330320728 	0.03786563340428637 
33441     	0.3447505584512286  	68853.92903499998   	111897.26136100004  	0.6153316729787087  	0.05945365194876492 	0.037868678919542854
33651     	0.3431952662721893  	68885.34106099998   	111933.30608700003  	0.6154141557067825  	0.05917584619035953 	0.03769169058490784 
33744     	0.34292035398230086 	68959.82841299998   	112007.79343900003  	0.6156699127418828  	0.05911008396600393 	0.03765209405564875 
33767     	0.34340456890198967 	69005.38068499998   	112053.34571100003  	0.6158261517953576  	0.059178142677570586	0.03769614181883281 
33860     	0.34313005143277003 	69136.46998399998   	112255.64864300004  	0.6158841075683468  	0.059105111653707916	0.03764428590866188 
33906     	0.3433602347762289  	69303.13408099998   	112488.31585900004  	0.6160918451998953  	0.05913064977366659 	0.03765223304083885 
33930     	0.34384164222873903 	69553.92853799998   	113106.91804200003  	0.6149396495108503  	0.059210138812289974	0.037704242685529445
33953     	0.3443223443223443  	69692.92781099997   	113295.89749900003  	0.61514078929129    	0.059287395056334784	0.03775457852589536 
33976     	0.34480234260614934 	69946.44337199997   	113576.71618900003  	0.6158519608508837  	0.05937572067036716 	0.03781230698357003 
34034     	0.34528163862472566 	70052.04832599996   	113728.47696000003  	0.6159587308167179  	0.0594684581733773  	0.0378749532706214  
34068     	0.34576023391812866 	70148.47233599996   	113859.56170200004  	0.6160964550311259  	0.05956588178950151 	0.03794079667056932 
34206     	0.3454810495626822  	70362.82944999996   	114215.35306700003  	0.6160540379253945  	0.05952594515886019 	0.03791654045846433 
34379     	0.3449527959331881  	70491.90453899997   	114363.05797800003  	0.6163870202960161  	0.05943421270426453 	0.03786188605293459 
34517     	0.3446777697320782  	70674.11680599996   	114600.27849100002  	0.6167010912765823  	0.05935979586898492 	0.0378066079300642  
34551     	0.3451519536903039  	70823.61814199996   	114749.77982700002  	0.6172004708747645  	0.05942255905805535 	0.03783687319849481 
34586     	0.34562545191612437 	70956.86477399996   	114981.27532700002  	0.6171166963681937  	0.059494718699035255	0.03787256247756251 
34620     	0.34609826589595377 	71140.54233899996   	115304.41399200003  	0.616980216767207   	0.05957812164731637 	0.03791855060436877 
34689     	0.3463203463203463  	71222.77856299996   	115486.04380100004  	0.6167219537429787  	0.059612662178369406	0.037934086004806016
34724     	0.3467916366258111  	71409.70698099995   	115870.88188900004  	0.6162869032912667  	0.0596964262087818  	0.03798620011174978 
34793     	0.34701223902087835 	71727.32962699996   	116312.70432900004  	0.6166766566110724  	0.05974315233713608 	0.03801538488781217 
34827     	0.3474820143884892  	71861.49955799995   	116509.43506400005  	0.6167869539366109  	0.059841273299711555	0.038075123521395776
34862     	0.34795111430625447 	71923.68307699995   	116571.61858300005  	0.616991373640314   	0.05993547660656498 	0.03813186846013494 
35031     	0.34767025089605735 	72010.00121199994   	116697.47958700005  	0.6170656081592165  	0.05989383274044098 	0.03810614861005369 
35187     	0.34714285714285714 	72112.91219299994   	116831.85657800005  	0.6172367221165868  	0.05981797633763976 	0.038055094621557956
35312     	0.3468660968660969  	72292.88517099994   	117067.37942600004  	0.6175322752201633  	0.05977179158884071 	0.038027845133919574
35375     	0.34708392603129445 	72416.82250899995   	117191.31676400005  	0.6179367593832313  	0.059803207787998636	0.03804801890386508 
35406     	0.34754797441364604 	72597.79117699995   	117571.13764400005  	0.6174797031974182  	0.059887236200146056	0.03810881519472839 
35562     	0.34702549575070823 	72739.56519999995   	117840.01531000005  	0.6172738946837797  	0.05980068434067066 	0.03806151660007559 
35625     	0.34724186704384724 	72866.65252999995   	118056.84815500004  	0.617216651712837   	0.0598408175558591  	0.03808930055353871 
35687     	0.3474576271186441  	72966.27446099995   	118161.60285800004  	0.6175125649631438  	0.059891095989398783	0.038117274834978954
36028     	0.34572230014025246 	73232.28934099995   	118444.60836100004  	0.618283013084055   	0.05956153315953577 	0.03790784290995606 
36228     	0.34473133286810886 	73400.04958299996   	118705.67065400003  	0.6183365055654702  	0.05935506661443615 	0.037777191853668124
36257     	0.34518828451882844 	73680.25793699996   	119111.53288200003  	0.618582064677084   	0.05941188680201054 	0.03781358038220411 
36371     	0.34492350486787204 	73910.19829599996   	119479.45614800003  	0.6186017301957492  	0.05934525066322325 	0.03777303393925609 
36400     	0.34537873523280055 	74203.16341599995   	119889.91197700003  	0.6189274993398549  	0.05941212896844871 	0.03782396592553026 
36428     	0.3458333333333333  	74301.81838899995   	120002.17761400003  	0.6191705839538993  	0.0594696694921164  	0.037871071110229144
36457     	0.3462873004857738  	74390.74259299994   	120109.73724800003  	0.619356467655903   	0.059532430971401845	0.037919636645497926
36485     	0.34674063800277394 	74565.83980799995   	120326.94211200003  	0.6196936321924831  	0.05960526580324117 	0.037971598642709145
36571     	0.3467128027681661  	74784.85955199995   	120547.29554400004  	0.620377746464692   	0.059606048751254   	0.03797385575441332 
36600     	0.34716459197787    	74929.09152599995   	120782.89183400004  	0.6203617945245091  	0.05969919554382055 	0.03803216199949281 
36657     	0.3473756906077348  	75012.03436199995   	120865.83467000004  	0.6206223170245362  	0.059748083689675414	0.03805871394682474 
36685     	0.34782608695652173 	75267.55969299994   	121274.48580900003  	0.6206380442753786  	0.05985067632942452 	0.038120231450124324
36714     	0.3482758620689655  	75533.71095899995   	121796.92153100003  	0.6201610846114443  	0.059967241596301755	0.038191721003540624
36771     	0.3484848484848485  	75741.34269299994   	122184.67045100003  	0.6198923515808364  	0.06005260872925751 	0.03824680932047363 
36857     	0.34845360824742266 	75897.79884599995   	122414.26160700002  	0.6200078148546369  	0.060096795387614727	0.038270998829418874
36971     	0.34818368745716244 	76082.71502499995   	122798.73150300002  	0.6195724833129993  	0.06009196813391748 	0.03826283365574016 
37486     	0.34461746784021663 	76126.33378199996   	122842.35026000002  	0.6197075651912877  	0.05945994244545019 	0.03784912646140877 
37567     	0.34459459459459457 	76233.33755399995   	123014.24331100003  	0.6197114700065233  	0.0594465275828705  	0.03782809424005339 
37648     	0.34457181389076197 	76333.30325199995   	123177.74888500002  	0.6197004243296043  	0.059426172560449894	0.03780238927612959 
37675     	0.3450134770889488  	76613.55357599995   	123525.37694500003  	0.620225215828423   	0.059500391700999536	0.03783526819578696 
37702     	0.34545454545454546 	76946.65620599994   	124206.26952900003  	0.6195070224537597  	0.05958948620575339 	0.037880393230493116
37837     	0.34496644295302015 	77017.65799199993   	124281.53989700002  	0.6197031196735199  	0.059519528482981476	0.03782568207929332 
37864     	0.3454057679409792  	77082.57092999993   	124352.40251000003  	0.6198719877872982  	0.05960050948609284 	0.037867983897893746
37891     	0.34584450402144773 	77289.90400799992   	124834.53343900004  	0.6191388062163694  	0.0596953393600154  	0.03792041257614536 
37918     	0.3462826523777629  	77356.16214799993   	124900.79157900004  	0.6193408478045712  	0.05979433396774778 	0.03797381163830386 
38073     	0.34579439252336447 	77524.94050799993   	125130.27486900004  	0.6195538257161303  	0.059703613749317   	0.03789969389004308 
38170     	0.3455392809587217  	77640.02470799992   	125245.35906900004  	0.6199034062829152  	0.05964750019900633 	0.03785134097938235 
38292     	0.34505640345056404 	77699.92715899993   	125306.27232200005  	0.6200801102704109  	0.05954531158024827 	0.03777115456524327 
38317     	0.34549071618037136 	77768.42446899993   	125389.58502100005  	0.6202143858756324  	0.05960655079013284 	0.03779206342363651 
38341     	0.34592445328031807 	78006.33107999993   	125628.62465900005  	0.6209280034047682  	0.059670297225973334	0.03780868969562928 
38390     	0.34612839179351423 	78107.99144299993   	125730.28502200005  	0.6212345055078237  	0.0596918106741056  	0.037796071319452666
38439     	0.34633179114342366 	78273.62556899994   	126046.94747900005  	0.6209878710632056  	0.05971297709028024 	0.03778995023375052 
38463     	0.3467635402906209  	78378.89314799994   	126169.52994300006  	0.621218872602675   	0.05977362065441729 	0.03780667196923218 
38487     	0.3471947194719472  	78527.65533899995   	126356.93025900006  	0.6214748583875687  	0.05984041263569941 	0.037827111170938704
38512     	0.3476253298153034  	78761.41794399994   	126762.29913400006  	0.6213315668938876  	0.05989949532268961 	0.03785130280394207 
38536     	0.34805537244561635 	79012.36719699994   	127283.94541500005  	0.6207567414679508  	0.05997516662483087 	0.03788700188590307 
38560     	0.3484848484848485  	79111.40420199995   	127382.98242000006  	0.6210515933844148  	0.060055261729750606	0.03792442836926793 
38585     	0.3489137590520079  	79182.12394799995   	127453.70216600006  	0.6212618590307439  	0.06013906329521455 	0.037962721462674716
38609     	0.3493421052631579  	79304.87475499995   	127597.77587300006  	0.6215223910637224  	0.0602267506593782  	0.038005274664479685
38658     	0.3495400788436268  	79586.58464999996   	127972.33849800007  	0.6219045895706886  	0.060285470737372095	0.03803211730026487 
38682     	0.3499671700590939  	79850.00955999996   	128386.58022500007  	0.6219498129793722  	0.060388645614779315	0.0380891060478482  
38707     	0.35039370078740156 	80118.61869199996   	129204.82145300007  	0.6200900074084631  	0.06050111178360596 	0.038167314566695316
38756     	0.3505897771952818  	80153.37407799996   	129266.50170700008  	0.6200629940437189  	0.06056556986560982 	0.03821845957674999 
38780     	0.3510150622134905  	80293.97058399997   	129449.06730900008  	0.6202746165202957  	0.06068074836288312 	0.03829633233390563 
38804     	0.35143979057591623 	80399.65091199997   	129568.26274600008  	0.6205196334970695  	0.06080456507913635 	0.03837479892892738 
38853     	0.3516339869281046  	80479.58226699996   	129648.19410100007  	0.6207535926362677  	0.060878641439929305	0.03842073384496139 
38975     	0.3511400651465798  	80718.97392099997   	130159.95455600007  	0.6201521366256425  	0.06082997913527904 	0.03839817599428993 
39026     	0.3515625           	80934.23105999996   	130469.29373900007  	0.6203316408066597  	0.06094259322131287 	0.03847963487317148 
39131     	0.3512987012987013  	81013.15518499997   	130548.21786400008  	0.6205611728028049  	0.06090642951714567 	0.038461961677066385
39157     	0.35171966255678133 	81178.07449399997   	130757.19941700008  	0.620830630022241   	0.060996722878122946	0.03852167970733745 
39184     	0.3521400778210117  	81255.73864499998   	130934.15518000009  	0.6205847399656313  	0.06108891145544914 	0.03858405695436195 
39210     	0.3525599481529488  	81447.60500999997   	131501.5249980001   	0.6193662393743239  	0.06117952824270587 	0.03864067706787595 
39315     	0.35229476405946997 	81619.07766199997   	131719.9904160001   	0.6196407804482018  	0.06113919559677802 	0.03861374555576976 
39342     	0.35271317829457366 	81755.41199599997   	131987.2936770001   	0.619418807056323   	0.06122478053226979 	0.03866764929238717 
39473     	0.35222150676110753 	82039.21365899997   	132336.7121350001   	0.6199278517310424  	0.06116664920761596 	0.03862789163919541 
39526     	0.352411575562701   	82309.28634399998   	132768.8523440001   	0.6199442481489491  	0.06121018728182522 	0.03865848850989455 
39552     	0.352827763496144   	82476.66567999998   	133031.8523290001   	0.6199768268732179  	0.06130392893933375 	0.03871899276804615 
39605     	0.35301668806161746 	82630.54571699997   	133212.75294700012  	0.6202900539851111  	0.06134159731416128 	0.03873507464518878 
39657     	0.3532051282051282  	82750.13627199997   	133485.0274800001   	0.6199207344389117  	0.06138408761899866 	0.03875712891276163 
39763     	0.35294117647058826 	82836.96580399998   	133571.8570120001   	0.6201678082274314  	0.061333752334225236	0.03871419307337138 
39973     	0.3517811704834606  	82966.28493399998   	133729.69391000012  	0.6204028627317144  	0.06111343861747557 	0.038566166486603194
40113     	0.3512999365884591  	83037.31514999998   	133876.35801100012  	0.6202537653674229  	0.06101077942170755 	0.03849539767309644 
40227     	0.35082174462705434 	83168.91720399998   	134039.4461490001   	0.6204809076243739  	0.060914578837021754	0.03842630600267124 
40250     	0.35123183828174354 	83240.32310399998   	134143.3807290001   	0.6205324679580293  	0.06097840294456232 	0.038455856996860174
40363     	0.3507556675062972  	83394.38083199998   	134362.20401700013  	0.6206684494506248  	0.06089289507198492 	0.03839136625721427 
40386     	0.35116425424795467 	83732.58275999998   	134976.32651800013  	0.6203501378357159  	0.060972095308126105	0.03843241581184379 
40750     	0.3482866043613707  	83809.45915199998   	135221.60224600014  	0.619793418802498   	0.0604504797860811  	0.038101959063987084
40818     	0.3482587064676617  	83990.40332499998   	135654.82673800015  	0.6191479164041589  	0.06041701960711821 	0.03808044484174709 
40840     	0.34866376631448104 	84086.89859199998   	135784.61953900015  	0.619266739322037   	0.060463944203814554	0.03810897847523681 
41093     	0.3473423980222497  	84185.81022399999   	135883.53117100016  	0.6195438806933703  	0.06018610315205838 	0.03793519178974411 
41156     	0.3475308641975309  	84307.36480399998   	136210.44264800014  	0.6189493490001355  	0.06017708437959214 	0.03793319498041651 
41218     	0.3477188655980271  	84400.48952399999   	136372.16516800015  	0.6188982144561905  	0.0601583188968834  	0.03792657336415191 
41281     	0.3479064039408867  	84450.332885        	136422.00852900016  	0.6190374544078627  	0.060135565918492125	0.0379107469867683  
41312     	0.3483076923076923  	85189.287076        	138065.83892300015  	0.617019298477666   	0.060186635465723184	0.03795466713603829 
41656     	0.3465770171149144  	85493.592662        	138383.78299200014  	0.6178006614181253  	0.05985613850141537 	0.03776129013950806 
41687     	0.34697617593158214 	85736.21294299999   	138635.20618500013  	0.6184303057088565  	0.05990783424209834 	0.03780185904257898 
41781     	0.3469512195121951  	85784.57048         	138697.27275300014  	0.6185022154889084  	0.05987912000891242 	0.03778482227969402 
41812     	0.3473491773308958  	85880.33527099999   	138815.24471900015  	0.6186664544290158  	0.05992904902913154 	0.037815777824244244
41843     	0.34774665042630937 	86137.75981999999   	139072.66926800014  	0.6193723056685432  	0.05998723642354947 	0.03785246536701838 
41875     	0.34814363968350576 	86396.113739        	139541.34364100013  	0.6191434845379762  	0.06006042410739867 	0.03789599518413136 
41937     	0.34832826747720363 	86474.019665        	139652.18674700012  	0.6192099220161875  	0.06010074450515104 	0.03791796194086323 
41968     	0.3487241798298906  	86569.978711        	139792.93947700012  	0.6192728977220141  	0.060183178868359756	0.037965286320376726
42156     	0.3482737734706239  	86628.59111200001   	139868.09309800013  	0.6193592061865226  	0.060118458476754955	0.03791847156707882 
42468     	0.34677904876580373 	86727.13702000001   	139966.63900600013  	0.6196272028528325  	0.05981717153696569 	0.037713991887031   
42500     	0.3471720818291215  	86853.037708        	140365.70182000013  	0.618762536587301   	0.059841952674712255	0.03772376246537646 
42718     	0.3463151587777112  	86979.565277        	140509.95068400013  	0.6190277973452052  	0.05965790073633327 	0.0376006348477137  
42750     	0.3467065868263473  	87085.709624        	140638.23600100013  	0.6192178748841866  	0.05969532363008787 	0.037614696196123475
42781     	0.34709754637941354 	87347.244719        	141047.43650800013  	0.6192756627239071  	0.05974980578702611 	0.03763739527214152 
42812     	0.34748803827751196 	87558.925684        	141385.63270200012  	0.619291536280414   	0.05980529863506165 	0.03766477737990745 
42968     	0.3470483005366726  	87655.977669        	141561.36053900013  	0.6192083583772197  	0.059714440951976686	0.03759830727075816 
43052     	0.34723049434187014 	87724.364756        	141629.74762600014  	0.6193922267492321  	0.05972836213841288 	0.037597944076219206
43315     	0.3457667258732978  	87783.01020199999   	141699.94615700014  	0.6194992488193222  	0.05945099622924232 	0.037414821217545725
43342     	0.34615384615384615 	87992.722728        	142041.78509700013  	0.6194847711038685  	0.05950334063215054 	0.03743857788902569 
43368     	0.3465405085748078  	88130.344036        	142218.56954500012  	0.6196823967359214  	0.059558478971414745	0.037462768169389524
43736     	0.34428152492668623 	88291.83310399999   	142463.3873950001   	0.6197510442398667  	0.059127851632491554	0.03718990788262552 
43842     	0.34406085430076067 	88415.435124        	142627.31645300012  	0.6199053401746886  	0.05905201516418216 	0.03714129312883908 
43921     	0.34404205607476634 	88485.844417        	142712.82890600013  	0.6200272610059638  	0.05900987110539604 	0.03710542576353292 
43973     	0.3442240373395566  	88520.033456        	142761.68863500012  	0.620054541959922   	0.059004829489440365	0.037091829513782426
44031     	0.3446064139941691  	88571.82729         	142854.30903700012  	0.6200150901087581  	0.0590381223765932  	0.03710129915679166 
44093     	0.34478741991846246 	88822.637225        	143245.03732800012  	0.6200747954822016  	0.05902219174660871 	0.037087356162952806
44125     	0.34516880093131547 	89110.941928        	143664.91714500013  	0.6202693301807348  	0.059048929561796346	0.03710584667787133 
44156     	0.34554973821989526 	89243.433378        	143807.90117000014  	0.620573922934195   	0.059084739731361385	0.03712542583041831 
44187     	0.34593023255813954 	89323.211904        	143887.67969600015  	0.6207842957278783  	0.059116429622516405	0.03714439868703812 
44218     	0.3463102847181871  	89425.922326        	144015.31901100016  	0.6209472918583715  	0.05915501704744887 	0.0371651898052248  
44375     	0.3458864426419467  	89579.12626         	144265.84487800015  	0.6209309371580881  	0.059060601628689355	0.03710567788070434 
44406     	0.3462651997683845  	89775.383614        	144538.84701700014  	0.6211159523324615  	0.05910596687644189 	0.03712577076756743 
44437     	0.34664351851851855 	89926.091296        	144850.56971300015  	0.6208197280423209  	0.059157882977206644	0.03715068255048432 
44468     	0.3470213996529786  	90113.416704        	145220.64838200016  	0.6205275744738336  	0.0592193127164458  	0.03718336784078812 
44531     	0.34719815135759674 	90390.003939        	145798.53890900017  	0.6199650875473911  	0.05926354914592972 	0.037205564482640396
44562     	0.34757505773672054 	90518.80825         	145959.27755300017  	0.6201648142382122  	0.05935069697792352 	0.037250418720066264
44593     	0.34795152914021926 	90643.657474        	146216.12773100016  	0.6199292710087418  	0.059444087835244505	0.037299498588931314
44625     	0.34832756632064593 	90893.8301          	146757.84252400015  	0.6193456413420333  	0.05954984332099783 	0.0373586309087232  
44656     	0.34870317002881845 	91037.744758        	146957.47156200017  	0.6194836083553051  	0.05966408142633072 	0.03742126858040443 
44687     	0.3490783410138249  	91198.749146        	147200.77057300016  	0.6195534764593674  	0.05977946514837479 	0.037481019661673325
44718     	0.3494530800230282  	91318.575899        	147320.59732600016  	0.6198629217944629  	0.059901652632896436	0.03754191667686401 
44750     	0.34982738780207134 	91446.518981        	147591.66824800018  	0.6195913364658311  	0.06002979108773421 	0.037607555109302825
44781     	0.35020126509488214 	91490.566854        	147654.55256300018  	0.6196257769631821  	0.06016021744765194 	0.037673771376581996
44937     	0.34977064220183485 	91543.591054        	147707.5767630002   	0.6197623240470836  	0.060127728066802846	0.03763619147240313 
44968     	0.3501432664756447  	91855.04632000001   	148229.6189310002   	0.6196807829800727  	0.06024500267686145 	0.0376978423636029  
45083     	0.3501144164759725  	92010.57879400002   	148411.2699820002   	0.6199702947435148  	0.06026606780043863 	0.037702923660007874
45111     	0.35048599199542596 	92337.37463900002   	148831.3387930002   	0.6204162066124127  	0.060354739157027444	0.03775048092405659 
45138     	0.35085714285714287 	92607.67459200001   	149224.1496870002   	0.6205944197788759  	0.06045195649110363 	0.03780656403565854 
45166     	0.3512278697886922  	92725.47773800002   	149371.2243680002   	0.6207720270776906  	0.060554788912087515	0.037864282401382704
45222     	0.35139760410724474 	92821.72246700001   	149467.4690970002   	0.6210162186312349  	0.0606255270464048  	0.03790156067082877 
45250     	0.3517673888255416  	92913.04036900001   	149650.1472030002   	0.6208683526583079  	0.0607334042774893  	0.03796490218650722 
45305     	0.35193621867881547 	93059.46008900001   	149960.9793260002   	0.6205578311588512  	0.06080339661900089 	0.038007147666636286
45333     	0.3523050654524758  	93336.17410000002   	150509.58916900022  	0.620134402168869   	0.06091758888678451 	0.03808040245449239 
45388     	0.35247299602046617 	93489.16551900002   	150727.50192600023  	0.6202528690809099  	0.06099957466957134 	0.03813184482768355 
45444     	0.3526405451448041  	93712.88598500002   	151232.58666100024  	0.6196606700582649  	0.061084105363595424	0.03819069599940777 
45472     	0.3530079455164586  	94043.28895100001   	151800.86198900023  	0.6195174896820715  	0.061220224347950554	0.03827900089632577 
45527     	0.3531746031746032  	94356.78580200001   	152324.64436900022  	0.6194453050776508  	0.06133884131580621 	0.03835257934318998 
45805     	0.35174746335963925 	94524.65472700002   	152492.5132940002   	0.619864232578814   	0.06113718828612028 	0.03821978669092127 
46071     	0.35053280987100394 	94616.26804500002   	152584.1266120002   	0.6200924705988309  	0.06092644842606974 	0.038079268841449986
46166     	0.35030777839955235 	94709.72262800002   	152677.5811950002   	0.6203250135790173  	0.06088467284734889 	0.0380438660897357  
46214     	0.3504751257685858  	94922.92095000001   	153131.5770920002   	0.6198781645993962  	0.060923750218445184	0.03805890509130514 
46357     	0.3498607242339833  	95029.59426400001   	153253.5669210002   	0.6200807992481263  	0.06082319672239068 	0.037987770112725826
46619     	0.34828349944629017 	95223.05891400001   	153480.6853170002   	0.6204237276978896  	0.06053242602762466 	0.037804135953891205
46642     	0.3486441615938019  	95350.09324500001   	153643.8952460002   	0.6205914858662909  	0.06058295743518613 	0.03783366702833445 
46666     	0.34900442477876104 	95485.61864600002   	153823.5114830002   	0.6207478799920166  	0.060637990677597176	0.03786742142002384 
46690     	0.34936428966279715 	95554.94263200002   	153892.83546900022  	0.620918721399791   	0.06069823681382047 	0.03790147217542854 
46714     	0.3497237569060773  	95679.46059600002   	154138.2528550002   	0.6207379337951033  	0.06076338511298341 	0.03794023983138458 
46738     	0.3500828271673109  	95733.33049300002   	154251.2329620002   	0.6206325139493952  	0.060831701384242695	0.03798057017077834 
46761     	0.3504415011037528  	95783.22964000002   	154301.1321090002   	0.6207551968726812  	0.0608983182562541  	0.03801941501115688 
46904     	0.34983498349834985 	95869.89224600002   	154433.7110700002   	0.620783451888591   	0.060793722818495204	0.03795307194811915 
47027     	0.34961580680570803 	96219.64565200002   	154939.4673440002   	0.6210144342265675  	0.06075020681475395 	0.03793001531255189 
47194     	0.3490153172866521  	96314.89656400002   	155075.8877120002   	0.6210823486812573  	0.06063984479766839 	0.037867502568851054
47305     	0.3487991266375546  	96379.02732500002   	155140.0184730002   	0.621238983169087   	0.060589538250814354	0.037846417304634665
47388     	0.34877384196185285 	96484.00314000002   	155244.99428800022  	0.6214950992945337  	0.060575672208822894	0.03784544117980416 
47416     	0.3491285403050109  	96616.48629400002   	155628.4147240002   	0.6208152056637272  	0.06062745226875384 	0.037881881972712896
47555     	0.34872351982618144 	96697.69543300002   	155729.5367910002   	0.6209335584345506  	0.060545676980699445	0.03782963970596616 
47611     	0.34888768312533913 	96867.55471300002   	156045.6220880002   	0.6207643214647357  	0.06055957144004899 	0.03783838849821    
47666     	0.34905149051490514 	97105.94852300001   	156547.94581900022  	0.620295258522736   	0.060585718382773435	0.03785509274393574 
47777     	0.3488372093023256  	97217.52077400002   	156748.64579600023  	0.6202128272324808  	0.06054394157458868 	0.037829214816591836
47833     	0.3490005402485143  	97290.76495500002   	156834.80118200023  	0.6203391353306729  	0.06056512535334264 	0.0378436811790797  
47888     	0.34916351861845657 	97440.08568500003   	157049.42014300023  	0.6204421869006371  	0.060593407750454006	0.03786128441493802 
47916     	0.34951456310679613 	97496.89351800003   	157171.16430600022  	0.6203230341170027  	0.060647870055206415	0.037894583727506564
48176     	0.3485499462943072  	97553.31238700003   	157227.5831750002   	0.6204592757647335  	0.06047163918024748 	0.03778104795485897 
48235     	0.3487124463519313  	97621.70074900003   	157295.9715370002   	0.62062429059753    	0.06049281458405062 	0.03779074342835854 
48294     	0.34887459807073956 	97683.17511600003   	157375.4085290002   	0.6207016460135164  	0.06050120306585813 	0.037791232186354766
48352     	0.3490364025695932  	97935.82174300002   	157755.79056300022  	0.6208065098180283  	0.06051972031877533 	0.03779955637831255 
48382     	0.3493846976993044  	98092.04942500002   	157955.9063620002   	0.6210090631254688  	0.060578208716794736	0.03783099594965493 
48500     	0.34917245061398827 	98230.16750300002   	158094.0244400002   	0.621340166720092   	0.060525694539371164	0.03779357621995933 
48558     	0.34933333333333333 	98382.08997900003   	158245.94691600022  	0.6217036953952634  	0.06053605107697689 	0.037790825256062345
48617     	0.34949387320191794 	98553.55423700003   	158806.08587400021  	0.6205905377908143  	0.06053991984988969 	0.0377944117819913  
48647     	0.3498402555910543  	98735.98300100003   	159038.0458750002   	0.620832470983729   	0.06058264650133108 	0.03782230779033445 
48705     	0.35                	98936.34535300003   	159301.41340800023  	0.6210638263428702  	0.06060122905718059 	0.03783359707130189 
48852     	0.3496021220159151  	99051.83074500003   	159416.89880000023  	0.6213383367171604  	0.06052331130054621 	0.03778667166625005 
48882     	0.34994697773064687 	99376.51995900003   	159845.36137700023  	0.621704121426567   	0.06058687789265964 	0.037825964468958514
48911     	0.3502914679385268  	99510.14322800003   	160023.47159700023  	0.6218471717611795  	0.060654079579444055	0.03786635971662064 
49018     	0.3502645502645503  	99604.79613900003   	160148.9515020002   	0.6219509725466794  	0.06064739637334302 	0.03786225919503427 
49037     	0.3506081438392385  	99695.12210300003   	160301.12043200023  	0.6219240504016984  	0.06070727643366083 	0.037901319623865025
49055     	0.35095137420718814 	99869.62703000003   	160563.68497700023  	0.6219938652024942  	0.060771295011301435	0.037945750419805704
49074     	0.3512942419440042  	99985.06881000003   	160795.44900800023  	0.6218152903383811  	0.060839713272097515	0.037993880252999324
49129     	0.3512658227848101  	100170.10858200003  	161086.98245200023  	0.6218386306407356  	0.060844150551991785	0.03800126337748836 
49370     	0.3493975903614458  	100434.41080700004  	161615.72710100023  	0.621439587647522   	0.06051297062176362 	0.03780049458208159 
49444     	0.349189754312598   	100585.44997100004  	161855.68144100023  	0.6214514626578959  	0.06046696161298941 	0.037774590968940085
49462     	0.3495297805642633  	100690.70203100004  	161960.93350100023  	0.6216974665089726  	0.06051968847156471 	0.03780944519126324 
49481     	0.34986945169712796 	100753.51807400004  	162031.46276500024  	0.621814531293384   	0.06057534487319712 	0.037844746333147515
49518     	0.35002608242044864 	100856.00001700004  	162172.22758300023  	0.6219067316281491  	0.0605966115601844  	0.037859473466671796
49537     	0.35036496350364965 	101170.76534100005  	162785.11845600023  	0.621498858744547   	0.060662693303886586	0.03790386381050221 
49555     	0.35070349140177176 	101246.59591700004  	162869.44605800023  	0.6216426614537918  	0.06073392944880206 	0.0379488473298557  
49574     	0.35104166666666664 	101296.39524500004  	162943.35132400022  	0.6216663301810947  	0.06080735090735908 	0.0379946542358816  
49592     	0.35137948984903694 	101444.23284600004  	163279.51579900022  	0.6212918524996092  	0.06088674238384617 	0.03804514073390939 
49611     	0.3517169614984391  	101640.43945500004  	163868.39784700022  	0.6202565033307957  	0.06097285292643089 	0.03810728020264991 
49648     	0.3518711018711019  	101820.31318900004  	164065.7689550002   	0.6206066861937983  	0.06103764494202959 	0.038150893042447724
49740     	0.3514774494556765  	101949.83220000003  	164359.47934700022  	0.6202856847992367  	0.060999930474467445	0.03813650073731901 
49759     	0.3518134715025907  	102055.88642400004  	164679.4205270002   	0.619724590342892   	0.06109191108391341 	0.038207282929839576
49777     	0.35214914552045573 	102226.92344400004  	165024.64658900021  	0.6194645803338689  	0.06119037092769152 	0.03828328066419672 
49944     	0.3510309278350515  	102271.86432000004  	165069.58746500022  	0.6195681826713524  	0.06102641249217901 	0.03819768570130792 
50065     	0.3506426735218509  	102403.24865800004  	165249.39336500023  	0.6196891048901667  	0.06097525975853165 	0.038190251218292996
50130     	0.3506160164271047  	102543.03522700004  	165422.11765800024  	0.6198870905461462  	0.06097375192340147 	0.03821383076417367 
50152     	0.35094920472036945 	102646.24227700004  	165560.61380600024  	0.6199919166600718  	0.06102429146184711 	0.03826981462460131 
50239     	0.3507424475166411  	102729.87352500005  	165644.24505400023  	0.6201837769341759  	0.060980105053904984	0.03826647508826686 
50260     	0.3510747185261003  	102806.69424900005  	165721.06577800022  	0.6203598424036193  	0.061024103935662974	0.03831234059904397 
50304     	0.3512269938650307  	103057.07551600006  	166281.04325200024  	0.6197764549733805  	0.061047570180161506	0.03834940904752388 
50326     	0.35155850792028615 	103118.48480500006  	166437.37481700024  	0.6195632736840507  	0.06110303136211261 	0.038409623111552445
50347     	0.35188968335035753 	103255.91337000005  	166597.30697000024  	0.6197934123184459  	0.0611656477240718  	0.038471437420355595
50456     	0.3515028018339277  	103457.00493100005  	166871.31149300025  	0.6199807744385095  	0.06110742679218427 	0.0384531131667243  
50630     	0.35058346017250125 	103635.50454900005  	167075.84075500024  	0.6202901872627473  	0.060954243465661764	0.03836382707585048 
50673     	0.35073492143943236 	103768.10332400005  	167216.13514000023  	0.6205627419693747  	0.06098321499339111 	0.03838558754228562 
50739     	0.3507085020242915  	103850.87224600006  	167354.67264200022  	0.6205436072176755  	0.06097907696294716 	0.03838235508656925 
50826     	0.3505050505050505  	103919.45409200006  	167497.08358300023  	0.6204254537990483  	0.06093747197072137 	0.03835076042977532 
50869     	0.35065590312815337 	104168.21605900006  	167912.86155100024  	0.6203706797490376  	0.060965229142764636	0.03836552270206449 
50891     	0.35098335854765506 	104257.07521200005  	168008.91114700024  	0.6205449133634334  	0.0610284898847143  	0.03840001207344717 
51078     	0.350251256281407   	104315.71473300006  	168139.47839800024  	0.6204117898241365  	0.06089001600885431 	0.0383082626334103  
51236     	0.3496993987975952  	104375.81288200006  	168199.57654700024  	0.6205474176852888  	0.06077712627249016 	0.038231849394508535
51342     	0.3495              	104455.81735500005  	168306.93838600023  	0.6206269233858792  	0.060721982177491564	0.03818823080806596 
