Training time: 0.9416317463583417 hours
4.6000834
4.5849223
4.564153
4.5258226
4.503045
4.4317946
4.39904
4.364562
4.3032885
4.227383
4.2057304
4.166314
4.1282053
4.098039
4.0626726
4.009471
4.01543
4.0281963
4.034883
4.008902
3.9699636
3.9723983
3.9583347
3.9131575
3.9179976
3.8837118
3.9016447
3.8978262
3.8555665
3.864142
3.8519704
3.8163247
3.8276393
3.7928696
3.791857
3.7909708
3.7718751
3.7425177
3.7782848
3.687007
3.7324975
3.7259045
3.70479
3.7381632
3.7781732
3.7382843
3.7684062
3.7841153
3.7674177
3.7402377
