Training time: 2.3822353688875832 hours
4.6052003
4.6026173
4.601086
4.599533
4.602099
4.5962186
4.5983014
4.599037
4.594784
4.5940433
4.591047
4.590153
4.586017
4.584571
4.5853395
4.585868
4.58303
4.584661
4.583623
4.5830283
4.582457
4.57418
4.577236
4.575412
4.57375
4.575275
4.5668426
4.572425
4.559125
4.563599
4.55628
4.565179
4.5552998
4.549885
4.5390463
4.5425706
4.542157
4.533949
4.5289507
4.5452986
4.5324306
4.5330763
4.536196
4.517869
4.5352182
4.5075154
4.518157
4.5062356
4.5258074
4.5118074
4.519314
4.505772
4.4926505
4.4996457
4.4995904
4.4997787
4.4913034
4.4872994
4.4905825
4.4957376
4.4692593
4.4808674
4.4716763
4.4591885
4.4542437
4.4626718
4.452607
4.461014
4.4657054
4.444747
4.4445395
4.438012
4.4333444
4.4336586
4.4243298
4.424518
4.4443226
4.427671
4.4219227
4.4335504
4.4312453
4.4093122
4.398171
4.432542
4.392273
4.383327
4.3793087
4.3858852
4.372686
4.3667426
4.3665247
4.380691
4.37303
4.38407
4.3571663
4.342796
4.337871
4.342847
4.3188925
4.3207
