Training time: 1.5213762167427274 hours
4.5956793
4.5681863
4.5143237
4.4504323
4.344232
4.3201504
4.292415
4.2392244
4.1865997
4.112985
4.0467243
4.0809445
3.993101
3.9645133
3.8657937
3.806079
3.8082588
3.81244
3.7880845
3.787554
3.76042
3.7555497
3.703943
3.6957233
3.7277007
3.6865253
3.7176027
3.7292547
3.6909707
3.6630476
3.7035627
3.7178578
3.7321992
3.7334948
3.7602942
3.7528863
3.7901738
3.7860384
3.7946913
3.803988
3.8733664
3.865049
3.8312047
3.8581975
3.900112
3.9427872
3.955352
3.9265368
3.879464
3.8177714
