Training time: 3.7818055491314992 hours
4.594392
4.5800347
4.555219
4.519774
4.4982543
4.4727054
4.4352064
4.3475766
4.26272
4.188135
4.1865954
4.164971
4.1463027
4.1262
4.0920434
4.0869856
4.0677085
4.058968
4.0681543
4.1039224
4.1066732
4.0975947
4.116331
4.1163034
4.090002
4.0713115
4.0444818
4.014823
3.9517124
3.8981972
3.9078052
3.8507237
3.8627875
3.8338556
3.8603218
3.846747
3.8232615
3.8526015
3.8693361
3.8616307
3.903051
3.8840806
3.9227257
3.934224
3.8710413
3.8642118
3.8289871
3.8468325
3.869605
3.8766239
3.8147082
3.779697
3.733534
3.7338417
3.7569616
3.786422
3.816997
3.7912982
3.7982545
3.8134704
3.784139
3.7703898
3.77926
3.8251982
3.7655296
3.7418628
3.701102
3.6864567
3.7086205
3.7110665
3.731883
3.7097096
3.7150009
3.7742782
3.758686
3.767071
3.7385602
3.6521294
3.675775
3.747369
3.710892
3.7659545
3.7331145
3.743729
3.7010474
3.7775826
3.7264478
3.7280223
3.760356
3.818184
3.7744129
3.7753866
3.7298608
3.7285151
3.7464914
3.6413496
3.7002702
3.6958125
3.7186923
3.6738372
